Subject	Bernat_2019:A007	Bhiman_2015:CAP256	Bonsignori_2016:CH505	Corcoran_2016:H1	Doria-Rose_2015:CAP256	Eliyahu_2018:C10	Eliyahu_2018:C4	Eliyahu_2018:C6	Eliyahu_2018:C7	Eliyahu_2018:C9	Eliyahu_2018:CI11	Eliyahu_2018:CI13	Eliyahu_2018:CI16	Eliyahu_2018:CI20	Eliyahu_2018:CI21	Eliyahu_2018:CI26	Eliyahu_2018:CI4	Eliyahu_2018:SC1	Eliyahu_2018:SC14	Eliyahu_2018:SC15	Eliyahu_2018:SC2	Eliyahu_2018:SC3	Eliyahu_2018:SC7	Eliyahu_2018:SC8	Eliyahu_2018:SC9	Gidoni_2019:S1	Gidoni_2019:S10	Gidoni_2019:S100	Gidoni_2019:S11	Gidoni_2019:S12	Gidoni_2019:S13	Gidoni_2019:S14	Gidoni_2019:S15	Gidoni_2019:S16	Gidoni_2019:S17	Gidoni_2019:S18	Gidoni_2019:S19	Gidoni_2019:S2	Gidoni_2019:S20	Gidoni_2019:S21	Gidoni_2019:S22	Gidoni_2019:S23	Gidoni_2019:S24	Gidoni_2019:S25	Gidoni_2019:S26	Gidoni_2019:S27	Gidoni_2019:S28	Gidoni_2019:S29	Gidoni_2019:S3	Gidoni_2019:S30	Gidoni_2019:S31	Gidoni_2019:S32	Gidoni_2019:S33	Gidoni_2019:S34	Gidoni_2019:S35	Gidoni_2019:S36	Gidoni_2019:S37	Gidoni_2019:S38	Gidoni_2019:S39	Gidoni_2019:S4	Gidoni_2019:S40	Gidoni_2019:S41	Gidoni_2019:S42	Gidoni_2019:S43	Gidoni_2019:S44	Gidoni_2019:S45	Gidoni_2019:S46	Gidoni_2019:S47	Gidoni_2019:S48	Gidoni_2019:S49	Gidoni_2019:S5	Gidoni_2019:S50	Gidoni_2019:S51	Gidoni_2019:S52	Gidoni_2019:S53	Gidoni_2019:S54	Gidoni_2019:S55	Gidoni_2019:S56	Gidoni_2019:S57	Gidoni_2019:S58	Gidoni_2019:S59	Gidoni_2019:S6	Gidoni_2019:S60	Gidoni_2019:S61	Gidoni_2019:S62	Gidoni_2019:S63	Gidoni_2019:S64	Gidoni_2019:S65	Gidoni_2019:S66	Gidoni_2019:S67	Gidoni_2019:S68	Gidoni_2019:S69	Gidoni_2019:S7	Gidoni_2019:S70	Gidoni_2019:S71	Gidoni_2019:S72	Gidoni_2019:S73	Gidoni_2019:S74	Gidoni_2019:S75	Gidoni_2019:S76	Gidoni_2019:S77	Gidoni_2019:S78	Gidoni_2019:S79	Gidoni_2019:S8	Gidoni_2019:S80	Gidoni_2019:S81	Gidoni_2019:S82	Gidoni_2019:S83	Gidoni_2019:S84	Gidoni_2019:S85	Gidoni_2019:S86	Gidoni_2019:S87	Gidoni_2019:S88	Gidoni_2019:S89	Gidoni_2019:S9	Gidoni_2019:S90	Gidoni_2019:S91	Gidoni_2019:S92	Gidoni_2019:S93	Gidoni_2019:S94	Gidoni_2019:S95	Gidoni_2019:S96	Gidoni_2019:S97	Gidoni_2019:S99	Gupta_2017:Fv_volunteer	Gupta_2017:GMC_volunteer	Gupta_2017:IB_volunteer	Huang_2016:Donor-Z258	Johnson_2018:CAP256	Johnson_2018:HD1	Landais_2017:PC064	Meng_2017a:Subject-D145	Meng_2017a:Subject-D149	Meng_2017a:Subject-D168	Meng_2017a:Subject-D181	Meng_2017a:Subject-D182	Palanichamy_2014:Subject-14711	Palanichamy_2014:Subject-26712	Palanichamy_2014:Subject-29612	Palanichamy_2014:Subject-30512	Palanichamy_2014:Subject-31012	Palanichamy_2014:Subject-34012	Palanichamy_2014:Subject-43113	Palanichamy_2014:Subject-43213	Rubelt_2016:TW01A	Rubelt_2016:TW01B	Rubelt_2016:TW02A	Rubelt_2016:TW02B	Rubelt_2016:TW03A	Rubelt_2016:TW03B	Rubelt_2016:TW04A	Rubelt_2016:TW04B	Rubelt_2016:TW05A	Rubelt_2016:TW05B	Soto_2016:IAVI84	Soto_2016:N152	Stern_2014:M2	Stern_2014:M3	Stern_2014:M4	Stern_2014:M5	Tipton_2015:subject-1	Tipton_2015:subject-2	Tipton_2015:subject-3	Tipton_2015:subject-4	Tipton_2015:subject-5	Tipton_2015:subject-6	Tipton_2015:subject-7	Tipton_2015:subject-8	Turchaninova_2016:donor-1	Turchaninova_2016:donor-2	Turchaninova_2016:donor-3	Vander_Heiden_2017:AR02	Vander_Heiden_2017:AR03	Vander_Heiden_2017:AR04	Vander_Heiden_2017:AR05	Vander_Heiden_2017:HD07	Vander_Heiden_2017:HD09	Vander_Heiden_2017:HD10	Vander_Heiden_2017:HD13	Vander_Heiden_2017:MK02	Vander_Heiden_2017:MK03	Vander_Heiden_2017:MK04	Vander_Heiden_2017:MK05	Vander_Heiden_2017:MK08	Waltari_2018:AD341	Waltari_2018:AD344	Waltari_2018:BD1	Waltari_2018:BD10	Waltari_2018:BD11	Waltari_2018:BD12	Waltari_2018:BD13	Waltari_2018:BD14	Waltari_2018:BD1a	Waltari_2018:BD1h	Waltari_2018:BD2	Waltari_2018:BD2-repeat1	Waltari_2018:BD3a	Waltari_2018:BD3h	Waltari_2018:BD4	Waltari_2018:BD5	Waltari_2018:BD5a	Waltari_2018:BD5g	Waltari_2018:BD5h	Waltari_2018:BD6	Waltari_2018:BD6h	Waltari_2018:BD7	Waltari_2018:BD8	Waltari_2018:BD9	Waltari_2018:CB1	Waltari_2018:CB1g	Waltari_2018:CB2	Waltari_2018:CB3	Waltari_2018:CB4	Waltari_2018:CB5	Waltari_2018:CB5-repeat1	Waltari_2018:MT1214	Waltari_2018:MT8004	Wu_2011:Donor-74	Wu_2015:Donor-45	Zhou_2015:Donor-44	Zhou_2015:Donor-C38	Zhou_2015:Donor-RU01	Zhou_2015:Donor-RU08	Zhu_2012:Donor-39	Zhu_2013:Donor-C38
Bernat_2019:A007	2696574	108092	206420	453190	294323	111755	102918	85077	118312	107450	117405	121353	156615	99433	133712	130030	91311	124189	103482	128961	114565	150538	135037	125219	110786	179315	258409	209194	233829	263509	248854	188265	208245	222744	203480	199620	237314	196325	194181	168557	254605	234028	226316	239603	179740	274627	169271	250008	173207	236079	251261	232471	168259	225737	170177	194354	258621	251826	214718	212814	225820	203598	180777	198965	179951	231802	217048	193481	249566	172939	291310	308060	253312	255756	240813	273973	196125	289574	313851	257014	252120	273525	265222	250099	261383	199469	302672	242293	268663	294151	275579	264219	265623	245254	229681	259470	242504	253043	234500	286200	259762	218122	219358	274012	248887	236705	238689	296651	305381	258540	278110	272699	214739	277474	237046	218564	236408	148536	270416	217830	220442	138161	180481	167195	698997	666839	731280	641448	501569	665818	890549	478281	481707	542869	908697	590888	114432	65573	150786	124927	187422	131389	144171	105525	203091	168690	278485	287527	297595	246168	318893	348584	261243	222506	90560	234191	388241	366866	360919	638934	531000	562565	695589	657945	379840	341216	601947	500590	286429	219602	95019	295609	231633	360326	403257	312372	260755	272895	238145	305032	149074	184810	232336	238279	418564	670519	396826	328362	337734	390407	340340	617941	373704	620235	257148	389996	408847	581686	491131	491097	388757	449973	634773	365629	509849	516679	415989	234981	282746	67310	505050	249835	323573	271348	144769	641436	643234	128528	309793	126806	115932	105357	97800	138489	335629
Bhiman_2015:CAP256	108092	362985	76616	96976	125178	41593	38984	33173	45751	40856	43676	44941	55567	40302	51434	52385	36557	49369	42157	51670	47261	57928	51524	49766	44785	56316	64390	53124	56077	67224	61233	46321	50879	56413	49393	52154	59988	60211	52835	40718	64708	62006	57724	62709	45707	64314	42406	61409	54029	58873	63400	55250	45482	55644	46598	49524	65250	61480	55982	58411	59722	51477	46281	51821	45554	59887	60526	47991	62767	46483	68938	73280	64323	61672	60074	71161	49587	69198	79902	68507	65339	68733	68287	63376	65471	53975	74946	54112	66239	70572	68671	66426	68315	61289	56943	65190	65727	61028	61633	68128	66000	59576	55563	65850	60618	64711	62159	75664	72141	65527	66469	69532	53928	65612	61744	52938	57367	37960	71475	58574	49258	32493	40122	38518	149826	143573	153990	122947	147777	144977	174742	103354	100476	108122	171911	116670	45800	26732	56582	49256	67360	51104	55598	41521	51862	44800	71597	71015	71142	62754	75741	78037	61771	51008	22675	96412	89077	91236	95891	134555	132021	133259	145406	149823	101872	94511	141098	124898	66880	51619	22709	74455	56574	94410	108665	79654	75659	74957	70126	78324	47113	50521	69015	61883	96459	132304	91159	72914	79514	91977	74805	131206	79983	125093	61606	84874	93121	125715	107679	118428	84988	105564	130365	91313	118402	110724	94512	60696	56277	22440	95998	52331	65023	53252	33667	130028	133988	32069	65584	34091	71723	29012	27223	48195	93964
Bonsignori_2016:CH505	206420	76616	911389	206008	208098	91451	83918	67807	91909	85983	92264	91291	123495	78650	102870	98769	74387	95579	81047	99364	88636	111711	99120	97406	85402	107210	128791	98339	113946	133430	118307	87090	93959	105279	93830	93517	113072	113917	98190	76288	129250	122491	114211	118033	89167	131875	81367	117548	102943	113441	123206	110113	83477	104676	87523	91503	123840	125769	106212	115039	114629	97682	85050	99390	86640	112320	111768	87902	120251	86804	137368	148548	125594	125383	116436	135355	91698	138485	155366	130214	124269	131083	135714	124428	131689	102765	143740	108108	132910	138386	132735	131465	139586	118276	108164	128184	120228	124125	117496	138839	127402	109120	107641	129130	116658	122654	121107	147142	143796	122576	133534	136491	101400	132841	118347	102870	107148	71167	137893	111652	95560	62510	78100	73807	326188	308476	342872	288991	179864	289936	409869	238219	226054	255663	391706	277107	83493	47618	115982	91858	134215	98743	104319	73984	112835	99971	154399	157336	148885	127769	162984	172759	138321	116886	64733	160070	201257	200704	200144	302029	299166	301543	341901	344295	218828	210272	320970	284322	151211	112736	53587	148848	113755	191861	213555	152934	138443	137697	125998	147013	82055	97991	143256	126866	210999	293635	204938	166732	158827	193469	169432	288199	181478	279335	141290	184125	212525	289933	240532	253444	193132	218922	279996	197283	244092	239402	221601	125697	123406	43940	218413	111443	144319	118503	72223	290036	307455	91142	191089	82061	81906	71288	67461	111979	221192
Corcoran_2016:H1	453190	96976	206008	3141354	284506	113429	103989	85298	121874	107220	120285	125848	158330	102010	135767	132781	92929	126154	100135	129788	115878	156895	141119	122506	110244	189403	283855	226428	267721	302109	284679	213707	222441	256203	223529	214285	267929	218030	217467	188091	296666	272729	262890	270860	202753	311057	188088	270339	191176	264548	293638	248188	185304	257442	195246	218681	294194	289795	240138	236558	254899	235510	201245	222672	199577	265712	228933	208132	282800	190420	346042	363407	302252	298738	264938	307792	209756	344455	363102	295716	287442	312586	305433	297156	314622	224494	344102	272824	298873	340624	320237	300788	303741	282022	260115	294600	261857	297184	266365	336023	289302	238078	248533	323529	274375	270477	271461	336148	340141	285976	318435	306783	233293	316273	271929	247115	259350	162543	307205	246254	252931	150643	194389	178668	719915	704727	790747	679766	493853	752063	925344	487263	482365	570004	988109	611734	113847	65122	146626	125619	179974	131438	140125	102398	241186	195882	318473	332243	346352	289355	366972	415092	323257	281892	101823	213516	438912	396900	372858	674847	572423	618654	768620	719288	409999	369214	613637	510743	312265	240598	107858	298227	254904	400998	409853	314808	275509	286286	246087	307216	159758	202184	246770	252356	482430	716485	471108	334220	338615	392214	342904	646359	367891	743057	262771	390331	401496	641006	497085	565574	377189	451597	752028	384145	524097	515435	461102	238763	336940	71222	633788	291878	398322	333810	173123	680564	672337	148136	366849	155774	102666	120296	118880	138638	380806
Doria-Rose_2015:CAP256	294323	125178	208098	284506	1586970	109408	95428	77838	108929	101524	108456	107193	153334	92634	123593	120348	87970	116784	100133	121321	104607	133922	118555	120285	102972	131788	166066	131206	147880	171634	156992	115668	127883	140829	124108	125341	148576	144656	127455	103744	168232	156734	148200	157121	114491	170610	107648	153716	130970	150034	161649	141372	108868	142318	112756	122347	163434	160366	139778	145591	146263	128191	114281	126789	113212	148247	149901	118726	158228	110310	183175	195182	162834	159808	148936	177091	121212	181788	209222	172701	164627	174695	175701	160856	169279	129834	192770	144081	172628	185031	177150	168593	176623	154853	142909	163638	160521	160830	153111	181445	165114	143751	141627	171032	152788	159346	153130	197278	187774	164689	173319	176995	134164	174749	153621	136586	144872	94428	180976	144236	131272	83636	103719	97863	502318	463346	522946	461334	328131	448388	653443	362619	352968	385207	620198	434430	107637	61263	148551	116337	178256	126584	137263	97613	145004	125420	202221	209699	200880	168148	224357	239309	183678	152116	95403	228843	286606	289177	291119	472981	433884	448953	527071	529291	302144	293132	485539	427878	202759	152599	63837	207853	158271	258748	300649	220642	187300	189601	172370	208387	108279	127280	181968	172356	296089	459885	279513	241683	233185	288412	247876	436305	274031	408243	195258	275674	312624	414682	357422	356652	287885	329219	415661	275947	360725	365783	308835	173010	174735	52604	311727	157707	203461	168743	96271	453761	475452	131066	284529	116465	114555	92802	93523	149860	318520
Eliyahu_2018:C10	111755	41593	91451	113429	109408	374297	58910	48677	62728	60182	64269	62052	81514	54719	66482	67279	52748	67130	58409	68787	58518	72921	65083	66332	57880	64032	72950	62129	66967	74547	70692	57325	60598	66471	59237	60087	68085	69582	62180	52724	74171	69671	67552	70458	57179	75042	54361	67506	66201	68134	71869	63737	55358	67244	55492	59563	70951	70387	66200	68461	67051	62631	56928	60805	56578	68138	69305	57405	69747	55366	78707	81097	71583	71706	68290	78055	58178	77884	86965	78525	73434	74317	76410	71973	73622	63585	82233	65473	73126	77889	76773	70861	76353	69150	67598	71123	72216	71145	71707	78339	73243	69178	66333	75709	68941	70993	68313	86087	77855	73748	75186	76836	64170	77282	68679	65287	66961	49740	81387	67754	63529	44727	52372	50743	169815	159781	175234	159269	78115	141899	193937	137405	129928	141755	191664	153580	54929	33774	72338	60157	82989	66289	66380	51283	68825	63491	87871	91729	86854	76293	95989	99824	83838	73778	45143	78600	118869	118477	121846	167387	142769	149194	163060	162623	104422	106586	150848	137406	92732	73679	39292	93029	75332	108125	120904	95949	87110	86069	82026	90939	57165	63680	84699	81854	118891	160643	108389	102493	95960	115132	101723	152814	107375	141201	88689	109253	120869	146216	136148	134618	116059	126671	146234	118411	138863	137791	122477	82065	76178	32456	115654	70776	85460	75794	50698	157647	164773	57658	101765	48361	44516	40902	43311	59535	117778
Eliyahu_2018:C4	102918	38984	83918	103989	95428	58910	311387	46727	59255	55383	60804	60284	73632	52800	64664	61218	50085	61785	52288	63998	55794	70096	63756	61047	55965	64195	71217	58725	64819	72750	67895	55088	58320	61704	56757	57099	66025	68652	58423	49663	71535	66380	64906	66736	55002	73765	51170	67376	64250	64919	69831	63883	52858	62460	53332	56285	68491	69542	62497	68920	65150	59319	52952	58790	54326	64298	66034	54865	67411	54179	75325	80566	69156	70582	68219	76207	56196	75309	83138	75079	71123	72381	74145	68672	70993	61703	77512	63835	72090	73724	73917	70409	74607	67249	64111	70771	69597	69089	68981	75690	71324	66622	63907	72471	67401	68391	66802	81471	77544	70167	73141	75229	61840	75196	66084	61920	63931	47517	77678	65545	57932	42173	51169	48713	145764	140521	152704	133701	69762	124400	165383	120404	113244	125726	165729	132227	51852	31761	66043	56586	75269	60140	61028	46316	65777	59952	81892	84398	82316	72868	87809	91280	77010	67814	36690	73860	105668	104002	105399	140345	128114	130932	142301	142041	100250	97407	133232	120980	86642	67738	37853	86222	67956	100733	109185	87359	79908	79265	73962	85076	53160	59618	78618	73487	108414	136026	101744	91103	85481	99287	87701	134048	92223	127897	79981	95946	105159	130325	116571	122510	98762	109067	130137	104794	121418	118984	108788	74211	69637	31332	106014	65671	78532	68781	47287	134340	140453	47364	84924	40328	40614	35002	34892	56082	101733
Eliyahu_2018:C6	85077	33173	67807	85298	77838	48677	46727	240398	50603	47822	50506	50443	60850	44687	52881	53899	43044	51389	43565	53735	48075	57477	53075	51637	46710	55375	62020	51407	56824	62710	58694	46404	50472	52972	47946	49993	56679	58309	51341	43047	62269	58852	55750	58250	47828	63600	43560	58472	55220	58588	59463	56498	45890	52094	46181	47553	59491	59318	55241	58955	55983	50637	46279	50981	45946	56362	57716	47942	57831	46370	64122	67616	59382	59483	57660	64832	48785	64033	70766	62025	60426	61711	63628	58776	60624	52186	68776	53589	63345	66054	62841	61166	64754	57871	56263	61367	59561	59939	59045	64713	62069	57230	54378	61724	57817	58900	58964	68403	66263	62090	61951	64291	53014	62405	59228	52845	55288	39471	64877	57175	49950	36819	43107	41989	114546	111377	119043	101720	56035	99477	129163	93931	90726	97326	129228	103866	43785	27624	55044	49109	63205	50062	51701	39673	56183	52160	67899	69644	67729	60935	74372	76642	63400	56588	31873	60051	84506	82594	84523	108848	102447	104651	112655	112368	81055	78763	105041	96605	68811	55750	32493	69121	56712	81820	89617	68547	65279	64079	62645	68616	43820	52165	66689	60610	89136	105507	86668	72613	69191	77318	71172	106037	72952	105564	64270	75539	81590	104247	91395	99191	76075	85522	104171	82483	94451	93690	87544	59679	59894	28365	89822	55045	65719	57073	40256	104776	109426	40408	71752	36003	34202	33154	31517	47477	86000
Eliyahu_2018:C7	118312	45751	91909	121874	108929	62728	59255	50603	389848	62316	65536	67425	81054	58222	71594	70802	54620	67964	55485	70423	64399	79775	73805	66379	61786	74210	86005	68866	80173	89675	82663	63372	66608	73685	64154	67517	79728	82426	71080	56261	87226	83069	77804	81905	65330	88711	59541	79629	74904	80531	85975	74900	60981	71683	64152	64800	84180	84805	75404	83670	78984	70334	61867	70818	61475	78778	75388	64046	82945	62472	93259	99814	86885	87219	80711	90867	64746	94827	102225	87809	85536	89589	92478	85727	90225	71517	97321	72362	88286	93844	90314	87661	89873	83269	77326	86570	83953	87062	82207	94041	85896	77570	75625	89604	82322	85234	82292	96518	95270	85202	88871	91462	70980	87391	83490	73399	75571	51979	93499	76953	66882	46602	56280	54149	162578	158952	175380	143032	86212	145048	186498	125822	119861	132999	188781	140957	57048	34242	71174	63163	81559	65317	67999	49908	74232	67587	92863	94947	92836	83647	99848	104202	87172	77577	40715	85402	118356	114662	114442	154197	150755	151776	165259	168136	117270	111989	153661	137152	90326	71662	40839	93172	75267	115749	122647	92213	89850	87556	82225	90652	57490	68143	87338	79635	124773	152359	123302	96355	92011	105975	94129	150582	96952	152539	84419	102468	110047	148239	128253	145692	103022	118209	152808	115335	136194	130644	122180	79428	79481	34347	128443	75225	90705	77850	52817	150734	158394	55178	103729	52800	47637	44411	43781	63374	122713
Eliyahu_2018:C9	107450	40856	85983	107220	101524	60182	55383	47822	62316	348052	60368	60543	75870	53470	66460	65604	50988	62310	54765	65090	59038	69993	64722	62929	58238	65455	75316	62491	67916	75187	70012	56462	60778	64481	59280	60019	68028	69230	61039	51341	73868	69616	66672	69278	57475	77352	53175	70863	65548	68995	71519	65969	54994	64477	55492	57372	71606	71671	65304	68981	66997	61550	55352	61736	55734	67347	69493	58023	69225	55138	77960	81830	70467	71550	68220	77888	59109	76547	85790	75668	73410	75266	76717	70196	72544	63195	81501	65506	76171	77718	75917	73210	77026	68923	67071	73465	72320	71427	70450	78867	73677	67997	65983	73723	69429	69943	70234	82211	79684	73353	75495	78004	64516	77274	69325	63835	67396	48235	79334	67933	61346	44084	52137	50949	152179	145551	158106	142316	75048	133264	174019	122262	116707	126691	173049	135981	52790	32306	67715	58515	77547	60918	63026	47574	68676	62404	83929	87017	85103	75501	91773	95754	79949	70541	37226	77131	109861	107371	108891	146959	133471	137765	150659	149830	103265	100309	140683	127661	86271	69877	38505	87296	70691	101336	111609	87069	80108	79438	76121	85883	52688	61991	81531	75226	112138	141525	106409	95709	89449	101443	93725	141052	96789	135191	81136	98241	106419	134919	122727	126823	102983	113469	136744	105896	124219	124578	112897	75131	73998	32513	111892	69083	82571	71446	48439	142842	147027	49261	88699	42252	43149	38474	37009	57692	106620
Eliyahu_2018:CI11	117405	43676	92264	120285	108456	64269	60804	50506	65536	60368	352594	67367	81847	57012	71957	69082	55167	67757	57018	69674	60728	77188	71097	67148	62179	70127	80179	65419	73938	82555	77989	61995	65452	69824	63000	63951	75115	76672	65936	55845	80266	75023	72350	75463	63039	83187	57956	75635	71282	74203	78853	70500	59593	70533	60132	62526	77586	78011	70566	77081	72015	67797	59601	65902	60897	73559	73522	61630	76425	59522	85834	91419	78481	80217	75733	85602	62543	85504	95050	83827	80505	82041	84587	77672	80897	68295	88447	72152	81622	84204	83733	80191	83418	75934	73401	79897	78608	79344	77666	87155	80273	74708	72303	82804	77001	77621	74434	91292	88134	80646	80765	83889	69473	85263	75411	70175	72617	52988	87563	74259	66851	47139	57828	54239	164190	158638	173057	149420	81189	143246	185268	133590	124994	136804	188160	147039	58568	34659	74159	63398	85244	67537	68547	52065	74172	67576	90936	94467	94228	83033	98575	103647	86158	76484	43211	81515	120700	117180	119701	159424	145370	149383	162214	162973	113705	109621	149512	136170	94839	74429	41367	96608	75371	111817	121995	96664	89260	89005	83023	94132	58651	65724	87941	81026	122924	153893	114494	99698	96847	109807	98082	149938	102189	145882	87608	106500	115939	145186	129642	139162	109252	123678	149465	116942	136694	132864	121878	81781	79311	34185	120136	74755	88360	77991	52631	151836	158459	56470	99040	50260	45922	41943	43318	59739	118660
Eliyahu_2018:CI13	121353	44941	91291	125848	107193	62052	60284	50443	67425	60543	67367	374470	79818	58502	72824	70081	54549	68230	54625	70047	63585	80581	75479	66722	63751	76766	88147	69961	82178	92190	84407	63803	66588	74117	63787	67467	81776	85365	72344	56022	89237	84747	79163	82216	66731	92977	58711	81394	76506	80615	88933	76747	60405	71734	65515	64564	85619	88091	76486	88431	80387	70691	61290	71885	60702	80524	74937	64030	84875	62898	96460	105470	89972	91475	83909	93402	64620	98384	104795	89779	87605	92441	94891	88611	92944	72544	99159	73423	89816	96077	93264	91447	91446	85365	78429	89643	84993	90170	82446	98338	88281	78460	76840	91692	84715	87840	85216	98723	99321	85660	90338	93989	72102	90560	86132	74065	76111	51858	95301	79903	66037	46221	57183	53999	162856	160389	176832	136356	85451	145146	182825	126428	119427	133039	189868	140863	58110	35237	70488	64269	82755	66390	68097	51256	74796	67856	92249	93968	94457	84932	99775	103668	86423	77280	42022	84477	117099	112477	112827	151782	151559	152083	163835	166049	118384	110441	148043	134568	88608	70301	41077	93389	74587	118248	123899	92332	91537	87525	82640	90877	57277	67743	86921	78212	127555	149902	123174	93638	91103	102521	91642	149591	92573	151223	83489	99999	105912	146294	123679	148442	99286	117092	154344	114712	135772	128914	119847	77986	77652	34474	129389	73735	88109	77286	53033	148121	155785	57160	107534	57167	46865	48605	47688	61223	127338
Eliyahu_2018:CI16	156615	55567	123495	158330	153334	81514	73632	60850	81054	75870	81847	79818	558275	69001	86712	85166	65665	84425	71523	86467	74745	95148	84339	85067	74609	85618	101842	83267	93196	102971	97209	76390	82302	87692	78522	80655	93133	93664	82692	68532	101534	93673	91486	96055	76283	104189	71345	94918	87894	93960	98725	88127	73105	89196	74004	77868	96796	97622	88814	94306	90525	83155	74312	81739	74942	91208	94509	77551	95649	73242	108803	115048	98494	100542	93475	107100	78777	108492	122241	107073	100835	104333	106941	98067	101429	84700	113159	89337	103503	107833	105972	99318	104410	95091	90875	97982	100209	98586	97017	110192	100377	93449	90252	104010	96247	97634	93532	118260	109864	101460	103711	106615	86545	106838	94142	87772	92205	64546	112071	90697	83835	58017	69974	67669	235501	224572	248872	219982	112564	202697	277102	187646	178520	195057	274144	211625	69904	40411	94178	77327	109442	83463	86391	62094	93120	84068	119036	124249	119969	104190	131828	138859	112615	97792	56859	110511	164123	161950	165311	230682	206849	212525	236528	236633	152834	152797	220367	199850	124328	96515	49338	126041	98062	146625	163113	126794	114040	113751	106003	122209	71750	82059	113377	106069	165748	221410	151669	137704	127580	153793	134167	212982	144257	200898	117201	147295	163417	204881	183088	190077	153854	172059	207180	158533	189228	188737	168706	105798	102766	40040	161837	95190	116426	100600	64781	219798	228829	74251	140562	65324	59106	54543	55909	80730	163785
Eliyahu_2018:CI20	99433	40302	78650	102010	92634	54719	52800	44687	58222	53470	57012	58502	69001	294273	63602	60657	47769	59066	49365	60350	56161	68516	62943	57592	53806	66414	74815	61432	67407	77882	71366	55626	59094	64109	57567	59190	69388	71898	62195	50070	75776	72275	68928	71194	56755	77004	51629	69599	65376	68002	74131	65782	53482	63222	56525	57760	73068	73621	65757	72100	69227	61317	54524	62234	54192	68202	66102	56240	71585	56651	79556	84977	74230	74147	70718	79481	57587	80597	87538	76314	74026	77588	79495	73878	76477	63267	82156	63949	76583	79633	77753	76369	78813	71567	66131	74757	72802	73430	70512	79698	74988	67589	65839	76572	70250	74344	72218	82945	81957	72667	76893	79719	63084	76261	71372	64214	65642	46879	80065	68176	58180	42358	50443	48636	134267	131455	142607	117231	71761	120632	152001	106317	100408	111476	152634	117097	50357	31883	61419	55122	70770	57799	58632	44753	64414	59393	78808	80399	78793	70900	83393	86050	73517	65932	38172	71130	98754	96159	96143	126661	123551	123888	134565	135210	99322	94762	124604	113228	76415	62047	36075	79609	66078	99389	104323	79928	78432	75761	71632	78914	51975	60064	75852	69607	105023	124212	102832	82117	78400	88881	80145	124388	81551	125707	72635	85801	92431	123037	106411	120606	86329	99710	125833	96382	112567	107814	101601	68015	68113	31721	107186	64161	76544	67127	47342	123518	128860	49584	88871	46618	41186	40360	39236	53303	104234
Eliyahu_2018:CI21	133712	51434	102870	135767	123593	66482	64664	52881	71594	66460	71957	72824	86712	63602	437792	77140	58535	72197	62244	75592	68612	85413	80996	71493	69478	80842	92084	74483	82956	94328	87221	69012	72971	78519	72292	71278	84568	87289	73813	62739	92214	86133	82841	85733	70150	96662	63043	86229	79521	82601	90352	81064	65695	78503	67787	70548	90194	91002	79034	87808	82507	75621	66448	74941	67903	83091	82271	68886	86526	66995	99185	106076	89036	90134	86751	98088	69625	98331	108743	94516	91485	94457	96330	88424	91880	76917	101043	82352	93267	96353	96876	92999	97500	86846	82121	92779	89367	89848	86900	99739	93569	83824	80837	94083	86297	87515	86070	103862	102581	89013	94467	97949	77263	97621	86118	79270	81283	58365	98755	84636	73665	52244	64156	59594	188048	181015	196510	170152	101283	170763	214607	147983	139328	153639	214980	166157	63842	37649	79194	69682	93700	73213	74384	56597	81402	73279	101642	105592	105030	93472	109117	114376	94829	83472	46296	95048	137026	130271	129058	180783	169511	171823	186291	188187	133152	123851	172689	156745	103190	82238	43995	105594	84028	128419	137933	107501	99020	97749	92133	105039	64144	73492	96589	88019	137598	173171	130946	111731	107538	120610	108936	171875	111881	168769	95165	117258	128303	167745	144978	160232	118343	138398	173374	127056	152819	147088	136410	90488	89835	37115	141097	84095	100748	87817	57920	171524	178412	62615	113232	56519	53736	48928	48819	66819	136780
Eliyahu_2018:CI26	130030	52385	98769	132781	120348	67279	61218	53899	70802	65604	69082	70081	85166	60657	77140	430824	57572	72720	61238	75868	68631	83369	77807	70720	65238	78645	89728	72917	82563	93180	87678	66561	70542	79181	67886	70546	85571	86306	74959	60397	92483	88088	81743	85592	67907	93700	61076	84308	80142	85699	90148	79761	64551	76354	67128	68232	88691	87850	79898	86234	82496	74602	65627	73532	63675	84927	81829	67529	87934	65222	98429	104111	91673	89310	84308	98578	67766	100331	108425	93346	89471	93590	95774	90489	93974	75471	104770	75351	93492	100572	94847	91507	94775	86247	82284	90938	87369	89386	86055	98131	90774	82348	78893	93481	85564	89311	87180	102303	100338	90913	92820	96003	74516	91638	88758	76355	79861	55070	98180	83969	70855	49738	58613	56920	185352	178822	196128	161845	104214	163489	210726	144508	135325	147995	216889	161840	61384	37426	77133	69069	90069	71022	72114	55130	79181	72150	97086	100424	98043	87129	108272	112558	92169	81014	48438	91487	129435	126410	129951	178107	165253	169461	183583	185902	124869	120405	168971	152558	96282	78832	41432	100350	82156	126572	138397	101936	97622	95365	93018	99608	62238	74192	94639	85944	138624	169693	132124	107535	103967	117679	105698	169503	108884	167536	90730	111958	121184	162380	142921	159701	113867	133603	169472	125234	151441	144012	131412	85811	86128	36485	139487	80829	96719	82844	55534	170386	175898	64241	118273	62115	54897	51680	52410	63557	138536
Eliyahu_2018:CI4	91311	36557	74387	92929	87970	52748	50085	43044	54620	50988	55167	54549	65665	47769	58535	57572	236007	55943	48200	59018	50770	62556	57469	57148	51553	58356	64077	55371	59205	65578	62331	52129	55081	58916	53822	54238	59966	62723	54977	48266	65614	61054	59051	62413	52125	65312	49483	60314	59262	60347	63688	56570	51028	59191	50385	53006	63095	61581	58370	60410	58981	55860	51306	54607	51863	60015	63468	51934	61372	49246	68614	70765	62115	61842	59591	67975	52792	66640	76833	67839	65947	66266	67754	62312	63717	56598	71533	58511	64980	67987	67673	62796	67253	61007	59835	62661	64625	62274	63936	68616	64140	61754	59428	65151	60798	62410	60087	74701	68286	65383	64407	67213	57960	67866	60724	58123	59737	45730	70418	60167	56446	40964	47976	46193	124526	120571	128845	114969	61371	112646	138315	103720	99685	105153	139882	113845	49674	30123	60904	53596	68763	55831	57268	45011	60905	55609	74228	76591	75547	67577	80460	83586	70352	62505	32069	66774	94072	93443	92870	120089	112452	115015	124369	123964	90553	89809	117860	108700	77899	63838	34925	76756	63829	88505	96475	78578	72025	73040	68875	77233	49750	55376	71378	67059	96160	117452	90183	82633	80099	88372	80585	116568	82648	111994	73642	86924	92578	111402	101462	107702	88147	97039	115293	92395	106284	104309	96636	69316	66127	30713	93439	62801	73093	65838	46393	115726	121318	40516	70643	34479	37367	29102	30172	52092	90228
Eliyahu_2018:SC1	124189	49369	95579	126154	116784	67130	61785	51389	67964	62310	67757	68230	84425	59066	72197	72720	55943	406774	61578	73579	65730	81162	73173	71154	63117	72542	83319	69210	76266	85878	80600	63975	67240	73847	64606	67364	78073	80103	69724	57213	85396	79627	76909	80400	63049	85453	58760	77106	75393	77561	83090	72582	60849	74323	62576	65922	81183	80377	74513	79977	77202	69369	62299	68971	61967	77189	76803	63483	80546	61996	90175	95441	84611	83715	78330	89461	64452	91128	101081	88851	83871	86329	88135	84013	85979	71724	94674	72240	84579	90442	88374	82509	86602	79724	75569	82025	82498	81955	80700	89947	83497	77222	74487	86787	79099	83355	79584	97782	90792	84074	85851	88337	71260	86619	79242	72638	75157	53803	92985	76275	68572	47625	56470	54871	179805	172288	188271	161694	96488	156538	202836	139848	133262	145741	204360	155854	59527	36362	75557	64851	87104	69497	71374	54614	74589	68076	95513	98068	94840	83356	103626	107907	89464	78585	44071	89142	124621	124735	127470	171807	156613	160645	174949	175339	116838	116539	163539	146700	97380	76261	40488	99145	79286	119615	130633	101717	95762	94757	87934	98356	61909	68778	90381	85915	130465	169120	120823	105954	101636	120125	103189	163722	109675	155617	92127	113992	123829	156133	140864	149450	116774	131805	160234	125058	148421	144367	129626	86018	81383	34616	127407	76584	91979	80892	54083	164961	173504	57323	104938	52094	52232	43712	44752	63317	125105
Eliyahu_2018:SC14	103482	42157	81047	100135	100133	58409	52288	43565	55485	54765	57018	54625	71523	49365	62244	61238	48200	61578	334634	62557	53802	63979	58368	61071	53820	57680	63849	57324	56959	64344	61863	53800	57266	59543	56810	54992	59751	60147	53766	50860	64822	59038	59732	61491	51061	65693	50897	61600	58967	59602	62202	57499	51526	62904	49388	55246	62591	60426	58651	58038	58402	56388	52521	54366	54414	59688	65516	53460	60391	50741	68291	68797	60401	59090	60262	69357	54309	65284	75841	70097	65672	64674	64695	60780	60739	57827	70663	61720	64387	65881	67304	59966	67472	59294	59965	61938	65122	59478	63766	66247	65426	62853	59687	65007	59429	60320	58846	75882	67707	66040	65416	66956	59532	70281	58287	58706	61399	48696	70807	60663	60198	43767	50567	48921	156247	145640	155520	152070	84416	135075	174371	124453	119823	128250	171287	138758	52115	32316	66486	54081	75957	59538	61298	48883	62289	56152	78885	83034	79743	69220	85846	88716	73505	64130	36119	74247	108006	108066	110883	152525	125881	131963	145310	144000	93578	94427	139713	126065	89017	71481	35975	88075	70554	96672	110606	92922	80700	81975	77257	88764	54880	58750	77675	76894	105864	148269	93923	100362	95734	111149	98475	142180	106323	126112	84628	106393	117505	133284	127191	117338	112012	120175	131795	106914	127998	129303	111463	79810	72692	31636	100901	67496	79517	71057	47075	145058	151213	45071	77187	34273	46011	30199	31720	53287	96026
Eliyahu_2018:SC15	128961	51670	99364	129788	121321	68787	63998	53735	70423	65090	69674	70047	86467	60350	75592	75868	59018	73579	62557	407230	66386	82562	75204	72720	65449	76172	85808	73012	78600	88477	83362	66983	70837	77320	68893	70456	80607	83225	72214	61265	87879	82101	78722	83551	66616	90194	62245	81059	78039	80208	85858	76065	64244	77128	65385	69410	83866	83479	78023	81334	79781	72958	65830	71460	65490	80684	81177	67342	82531	64706	94637	98124	85851	83868	80685	92730	67912	93050	104267	91928	87923	89839	91212	85540	87159	74683	99148	76944	87181	94191	91897	84262	90525	82715	79783	85765	86106	84128	84953	92208	88568	81615	77902	90158	81158	84834	81814	101440	93285	87262	89331	92015	73811	90038	83377	75605	78157	57313	96020	79368	72984	51193	59953	57961	187108	179199	193457	168823	99150	162757	209848	146920	140396	151384	211413	164055	62492	36816	78376	68159	92172	72262	73831	56856	77388	70333	97829	101369	99985	88275	107003	111246	92767	80990	43610	91647	131176	130095	131188	179243	161829	167268	181314	183330	122073	120155	170417	154030	102565	81380	42559	103383	83921	125166	137939	107058	99438	98289	92649	104087	64493	72437	94963	89002	134526	172744	126336	112143	107728	123398	108698	170608	114920	162924	96413	119583	129978	163025	145360	154807	122093	138543	165915	129558	153826	150098	135336	91004	86515	36489	135017	80894	97160	85044	57065	169484	178536	57472	103220	51142	53492	44357	44543	64235	128912
Eliyahu_2018:SC2	114565	47261	88636	115878	104607	58518	55794	48075	64399	59038	60728	63585	74745	56161	68612	68631	50770	65730	53802	66386	399012	77098	72183	63285	58614	73894	84297	68280	77092	89567	79953	60457	64124	70832	61476	65526	78150	80838	69611	52404	86771	83934	78368	80433	60599	88221	55047	79091	73668	77396	84147	74334	57611	69983	61910	64127	82932	83895	73858	81189	79913	66684	58936	68826	57480	77565	73184	61389	82357	61289	91392	97805	86911	85829	79591	90449	63756	93569	101415	86852	83139	88199	89640	85686	89257	70468	95683	69350	88191	93072	88407	87785	90224	81575	74016	84874	81874	83358	78306	90614	85297	74477	73006	88185	79998	85568	83735	95510	93935	82443	88799	91449	69464	85032	82174	69972	72771	48968	92264	76404	62599	43077	52496	51039	156040	153536	167001	131597	91461	142176	180775	116177	110674	124489	179469	130887	53507	33869	66443	59027	76695	61615	63856	47907	71234	64171	88330	89262	86114	77621	93179	96874	81399	72280	41431	84381	108767	106717	106562	143117	145259	143967	157912	159368	113993	108676	146962	130806	81960	65744	36214	86061	70072	114376	119681	86034	86859	83968	77939	85853	55576	66018	83760	75762	120089	143565	121866	88378	85671	100240	86313	143924	88781	150155	77496	93618	101943	145406	120623	141157	92951	110530	148004	108492	129562	121183	115739	73215	74402	32960	126806	70339	85512	72955	49801	141023	147148	54997	104339	53417	48843	47417	44450	59844	121245
Eliyahu_2018:SC3	150538	57928	111711	156895	133922	72921	70096	57477	79775	69993	77188	80581	95148	68516	85413	83369	62556	81162	63979	82562	77098	525696	89770	78270	72994	93278	107887	84728	99470	115258	104638	76750	80640	90519	77477	81924	101203	104889	88644	67061	110842	105961	99026	102736	78359	112204	69763	99067	93564	99007	110361	93455	72810	88500	78926	80013	105929	108117	94431	106914	101350	85898	74575	86962	73514	99189	92063	76916	106230	77178	119827	130297	113895	113610	102320	116799	78161	124143	132670	112863	107548	115183	118308	111762	117474	89303	124306	88491	112062	120419	115966	112955	115353	106045	94505	109953	104862	110285	101368	120218	108528	96199	93393	114623	103369	111529	106570	123971	123097	105421	113679	117161	87093	109740	106167	90454	93772	62136	119235	97182	79537	54354	67226	64355	208667	206289	228326	172643	119178	186578	240162	157617	148821	167658	247151	176919	66968	40165	84043	75139	98520	77956	80636	59336	88601	80097	113022	114918	113490	101175	121751	127804	105543	92805	50399	106181	144897	140832	142227	193942	194787	195020	212465	215312	150432	141259	193150	172013	107484	83389	46201	113307	89399	149667	156037	113363	113022	108748	100568	112370	69501	81168	105566	95000	159678	191562	155818	113049	110022	127935	110378	190507	113302	196162	100022	122919	132280	189458	154611	189948	120984	145017	197527	142705	172193	160370	149945	93131	94701	39215	164859	89726	109330	93989	62352	187533	198397	69137	136312	70786	59678	57737	56599	72657	159665
Eliyahu_2018:SC7	135037	51524	99120	141119	118555	65083	63756	53075	73805	64722	71097	75479	84339	62943	80996	77807	57469	73173	58368	75204	72183	89770	458897	69948	69501	85594	99633	75944	92713	105044	95178	70233	73673	82817	70442	74711	92151	96162	80241	61512	100468	96718	89229	92589	73467	104405	63351	91499	84609	90557	100554	85951	66269	79156	72677	71368	97300	99800	85467	99434	90360	79023	67335	79703	66799	90491	82451	70162	96521	69712	109947	120367	102792	104157	94289	106425	70837	113321	119617	100603	97984	104747	107883	101155	106500	80321	113168	81615	101935	109905	105785	104963	104095	97080	87545	102099	94726	102302	92536	111571	100092	87376	85106	104161	95162	99744	95589	110458	113302	96526	102174	106241	78943	101695	97952	82143	84604	56481	107303	89725	72006	49787	62521	57706	182629	180069	200317	151672	103926	165030	207385	137719	130052	145878	215823	155286	62091	37064	75905	68825	89510	70869	72753	54076	81064	73370	100813	102624	104188	93529	110040	114988	94229	83622	45754	94792	130231	124366	123950	169307	171568	170897	185878	189236	135918	124013	169143	149928	95969	76134	43342	101194	80673	132778	138163	100525	100375	96240	91054	99014	62382	74589	94063	83993	143568	168022	140733	101279	99787	112373	99148	168527	99456	174812	89262	108769	114955	166610	136618	170222	106452	128922	177235	125393	151435	141831	132854	84465	86475	36658	148970	82194	99508	85056	57316	166666	174945	63011	122676	66092	53458	53664	53048	66125	144541
Eliyahu_2018:SC8	125219	49766	97406	122506	120285	66332	61047	51637	66379	62929	67148	66722	85067	57592	71493	70720	57148	71154	61071	72720	63285	78270	69948	386880	63506	69913	79690	68227	72746	80737	76875	62720	67290	70935	64643	66300	73818	75756	66480	57148	79768	73646	72373	77013	61440	81692	59112	75955	72855	74471	77704	69697	60563	73197	59826	64378	76857	75265	71749	73788	71965	67093	61197	65816	62000	73068	77001	63630	75943	59403	84997	88291	76334	77024	73447	84821	64303	83008	95510	85021	81471	81869	82822	76492	77697	68383	89028	72175	80946	83573	83483	77129	82313	74311	72927	77587	80899	75876	77356	84654	78955	75185	72363	80585	75539	76850	73666	93929	84788	81898	80196	83536	70654	83895	73799	69981	74388	54322	88328	72935	68844	48073	57383	55568	180693	172579	187229	166240	97184	158570	204817	146205	139865	149858	206281	161332	60644	36564	78800	65913	89608	69353	73307	55973	74594	67526	95479	98065	95393	83269	104183	108098	88105	75711	40528	93088	124599	126095	127438	172833	156615	160923	176762	177198	117820	117843	168500	152739	101024	78391	40389	101799	80088	115729	130654	105517	94701	95027	88785	101726	61692	67008	92380	87008	128018	170407	116256	110448	106752	123617	108281	165445	116371	152633	95831	119530	130046	156044	144304	144714	124203	136981	158678	125731	149162	148780	131052	88586	81957	34942	121302	76066	91627	80957	53630	166531	175166	51965	94953	44032	52653	37357	38663	65770	120374
