Subject	Bernat_2019:A007	Bhiman_2015:CAP256	Doria-Rose_2015:CAP256	Gidoni_2019:S1	Gidoni_2019:S10	Gidoni_2019:S100	Gidoni_2019:S11	Gidoni_2019:S12	Gidoni_2019:S13	Gidoni_2019:S14	Gidoni_2019:S15	Gidoni_2019:S16	Gidoni_2019:S17	Gidoni_2019:S18	Gidoni_2019:S19	Gidoni_2019:S2	Gidoni_2019:S20	Gidoni_2019:S21	Gidoni_2019:S22	Gidoni_2019:S23	Gidoni_2019:S24	Gidoni_2019:S25	Gidoni_2019:S26	Gidoni_2019:S27	Gidoni_2019:S28	Gidoni_2019:S29	Gidoni_2019:S3	Gidoni_2019:S30	Gidoni_2019:S31	Gidoni_2019:S32	Gidoni_2019:S33	Gidoni_2019:S34	Gidoni_2019:S35	Gidoni_2019:S36	Gidoni_2019:S37	Gidoni_2019:S38	Gidoni_2019:S39	Gidoni_2019:S4	Gidoni_2019:S40	Gidoni_2019:S41	Gidoni_2019:S42	Gidoni_2019:S43	Gidoni_2019:S44	Gidoni_2019:S45	Gidoni_2019:S46	Gidoni_2019:S47	Gidoni_2019:S48	Gidoni_2019:S49	Gidoni_2019:S5	Gidoni_2019:S50	Gidoni_2019:S51	Gidoni_2019:S52	Gidoni_2019:S53	Gidoni_2019:S54	Gidoni_2019:S55	Gidoni_2019:S56	Gidoni_2019:S57	Gidoni_2019:S58	Gidoni_2019:S59	Gidoni_2019:S60	Gidoni_2019:S61	Gidoni_2019:S62	Gidoni_2019:S63	Gidoni_2019:S64	Gidoni_2019:S65	Gidoni_2019:S66	Gidoni_2019:S67	Gidoni_2019:S68	Gidoni_2019:S69	Gidoni_2019:S7	Gidoni_2019:S70	Gidoni_2019:S71	Gidoni_2019:S72	Gidoni_2019:S73	Gidoni_2019:S74	Gidoni_2019:S75	Gidoni_2019:S76	Gidoni_2019:S77	Gidoni_2019:S78	Gidoni_2019:S79	Gidoni_2019:S8	Gidoni_2019:S80	Gidoni_2019:S81	Gidoni_2019:S82	Gidoni_2019:S83	Gidoni_2019:S84	Gidoni_2019:S85	Gidoni_2019:S86	Gidoni_2019:S87	Gidoni_2019:S88	Gidoni_2019:S89	Gidoni_2019:S9	Gidoni_2019:S90	Gidoni_2019:S91	Gidoni_2019:S92	Gidoni_2019:S93	Gidoni_2019:S94	Gidoni_2019:S95	Gidoni_2019:S96	Gidoni_2019:S97	Gidoni_2019:S99	Gupta_2017:Fv_volunteer	Gupta_2017:GMC_volunteer	Gupta_2017:IB_volunteer	Huang_2016:Donor-Z258	Johnson_2018:CAP256	Soto_2016:IAVI84	Soto_2016:N152	Vander_Heiden_2017:AR02	Vander_Heiden_2017:AR03	Vander_Heiden_2017:AR04	Vander_Heiden_2017:AR05	Vander_Heiden_2017:HD07	Vander_Heiden_2017:HD09	Vander_Heiden_2017:HD10	Vander_Heiden_2017:HD13	Vander_Heiden_2017:MK02	Vander_Heiden_2017:MK03	Vander_Heiden_2017:MK04	Vander_Heiden_2017:MK05	Vander_Heiden_2017:MK08	Waltari_2018:AD341	Waltari_2018:AD344	Waltari_2018:BD1	Waltari_2018:BD10	Waltari_2018:BD11	Waltari_2018:BD12	Waltari_2018:BD13	Waltari_2018:BD14	Waltari_2018:BD2	Waltari_2018:BD2-repeat1	Waltari_2018:BD4	Waltari_2018:BD5	Waltari_2018:BD6	Waltari_2018:BD7	Waltari_2018:BD8	Waltari_2018:BD9	Waltari_2018:CB1	Waltari_2018:CB2	Waltari_2018:CB3	Waltari_2018:CB4	Waltari_2018:CB5	Waltari_2018:CB5-repeat1	Waltari_2018:MT1214	Waltari_2018:MT8004	Wu_2011:Donor-45	Wu_2015:Donor-45	Zhou_2013:Donor-IAVI23	Zhou_2013:Donor-IAVI57	Zhou_2013:Donor-IAVI74	Zhou_2013:Donor-NIAID45	Zhou_2013:Donor-RU3	Zhu_2012:Donor-39	Zhu_2013:Donor-C38
Bernat_2019:A007	1426135	91375	329956	155478	232889	202466	199545	218150	221199	181612	214888	169540	193437	178220	199306	167436	191435	166610	230134	218423	206572	197798	177719	216483	155967	222844	158080	197830	195377	200237	182918	235261	173329	233862	194795	189903	189411	167454	195174	197931	188291	188030	174418	186341	188503	187169	189825	166182	224946	209157	216863	211951	180976	235736	191954	220855	216245	203106	214810	207519	196562	189046	200148	216628	203075	181809	208089	192857	191085	180627	184342	179583	208064	202332	198885	215833	220692	209917	195528	196240	200088	192487	181083	197301	221915	225871	192132	220517	208310	199331	226969	205154	192258	203695	128306	219167	185825	228929	140197	176956	163907	750048	776732	786125	386931	87470	113546	78128	378480	304151	345929	385625	401983	414440	448503	385018	300115	389645	285844	449844	354668	589559	621737	524136	507773	498992	527426	504285	609336	574504	625296	513800	503755	598540	507929	559049	486205	489005	503996	391977	310951	493239	298028	605383	681058	41864	196274	112177	88445	169467	55603	132640	83845	300384
Bhiman_2015:CAP256	91375	235310	148691	43006	53667	42356	44087	47512	47539	37679	46179	37207	38940	37713	46104	48632	44121	34267	48657	46602	43919	44899	35987	48825	34526	45208	44255	41693	43782	41471	36861	45173	34921	44356	43876	43745	41201	42882	42798	39935	37330	41524	38257	39732	48363	41630	43381	39818	49077	47083	48731	48070	46469	54351	39961	48306	49096	45470	45095	46528	44469	45783	44927	48636	41362	42393	45486	44022	41169	42436	42717	42530	47221	49199	45322	48597	50950	48751	46678	44847	40963	45469	46158	46406	51908	49028	45167	49229	51425	47135	46351	46129	41607	41869	28856	53947	41653	46621	30386	34659	36987	150401	150967	153643	10938	41653	2615	48527	90907	74051	85669	96321	91958	88756	97805	84827	70022	79914	64206	100419	84983	129335	132009	112548	101100	101357	111756	104971	127422	111827	121068	118185	121860	119307	109210	114988	96095	87041	89502	72964	61381	81386	54978	134270	144816	1133	4968	21256	2571	49077	1328	3347	2093	96738
Doria-Rose_2015:CAP256	329956	148691	1373970	135175	179017	147048	149569	164340	163029	130762	155830	126122	139899	130274	149580	147416	145188	120781	171989	164974	150662	147658	129992	166405	116028	163647	137961	145657	146847	147621	134953	167845	127809	165160	143849	143760	141148	142464	145837	141571	134549	140665	127134	137620	151960	135964	140690	123886	165471	160935	161271	161506	140216	183790	137729	165442	168634	157013	160665	159270	149979	146395	149376	164448	144014	141850	156111	145617	143592	139687	139733	134415	158199	159990	150774	162404	165720	161704	155047	144621	147255	144047	143677	149296	173919	171133	145491	164805	162761	147923	169016	157033	138309	147426	98165	174272	143587	160355	103793	125354	119570	701098	705827	724633	323457	100694	114480	110824	335406	249920	303718	361711	347605	349875	376906	324372	251984	320269	222746	401526	300871	520334	546906	441734	456105	421466	464830	427305	546304	495724	537605	476529	492016	527824	458457	494530	421125	341405	357374	274884	213862	342626	204976	549893	655792	46063	214817	121892	93911	196279	60349	145224	93163	382503
Gidoni_2019:S1	155478	43006	135175	305922	149365	134252	137473	144565	145446	122806	136955	118682	127257	123679	134980	136279	131285	114863	149479	147082	139588	133783	123324	141913	109775	147072	131458	134306	135177	137257	122687	147657	123678	147096	135368	133902	132151	139022	135756	131636	126496	131120	118648	128895	125593	123825	131299	117528	147616	141949	144156	143288	127633	150990	129725	148564	143915	135704	143836	142117	136555	133158	133160	144735	133997	129593	142356	131356	133417	127802	131181	125118	141035	136254	137085	141089	146822	141334	130006	132155	136009	132282	129697	136148	144466	149499	130645	147040	139897	132846	146273	140643	129850	134353	93285	144023	129126	142127	100179	119537	114324	245314	254340	255638	143637	24385	53507	29400	178157	157244	180116	183465	184437	194884	197146	183504	157825	178864	154936	192267	165850	222160	227530	217730	206610	196917	201395	197307	227623	217442	224192	199050	209906	226703	207569	226479	196634	209861	224689	188805	167430	213371	163413	223279	237436	24593	81447	60991	44996	88342	35303	65671	43882	129581
Gidoni_2019:S10	232889	53667	179017	149365	585482	201178	203162	216527	221737	185538	207706	171959	194306	181393	200072	159467	191958	172094	229236	218827	207707	197456	181894	211516	159435	222065	149001	197692	196748	201781	184580	230634	178219	231226	199230	191035	191752	164335	196794	197758	192873	191871	174798	190421	179481	184690	191438	168730	223437	207628	214682	210337	180266	228897	195732	222497	208859	196526	211085	204827	199016	191830	197230	213861	203763	187172	210641	193479	192190	179388	189649	180731	207123	196852	199291	210001	217678	207948	192473	194539	203566	193240	181836	198670	211266	226191	189897	223770	204478	195246	218938	208850	192701	201985	130543	209456	186882	221406	147770	181093	167836	418718	441173	442523	250148	42578	71691	44601	270290	232749	261723	269031	282604	304257	315197	287576	229631	281198	232938	302499	251327	360163	370867	351563	319973	313754	320014	311740	369554	355944	376873	309901	319557	367300	321498	363487	300110	357884	376550	307260	261134	365678	257506	360364	389957	27642	111739	75830	55757	108063	39665	82252	52402	168609
Gidoni_2019:S100	202466	42356	147048	134252	201178	481995	185403	194907	199286	174353	191971	160955	180672	171219	181478	139207	174182	162059	205762	196749	190446	178524	170665	189208	149588	204532	134355	182109	179575	186573	171564	214267	166790	213428	181408	172670	176923	145052	178865	184451	180681	176107	164557	174310	164534	173229	173828	156108	201907	184467	191512	186865	163135	200284	181403	199151	190794	180529	194684	185481	179047	169832	182192	191363	191194	166437	189047	174791	173067	163059	170390	165933	185085	177371	178604	191372	196765	186981	171810	179546	184955	174845	161394	176543	190182	199811	174358	198361	180432	178862	203337	184197	180210	187874	123251	188891	169665	205672	141030	170574	158504	352509	373533	372637	234444	31875	62592	33767	233259	204577	225777	229669	248323	266320	274473	251669	206378	251451	207539	264229	221793	302335	314932	295489	279554	272852	275773	277306	313646	309473	325782	265559	264225	315670	279136	312422	265191	315660	330211	272218	234230	326220	235796	302959	328489	26193	100793	64580	49415	94131	36013	72602	48790	141000
Gidoni_2019:S11	199545	44087	149569	137473	203162	185403	479683	199868	204336	171822	189042	160138	176969	168495	181667	145973	175367	157761	205437	200446	191970	182103	171393	192857	147977	202574	137438	185209	180689	186735	173106	209585	168468	214297	181107	175470	177186	150446	181675	185081	180556	176680	161595	177891	162749	172107	175569	154407	204600	189466	196380	191436	168759	202749	181920	203675	194389	182426	193915	188801	185058	176020	181015	196855	187279	169479	195512	177877	177247	164418	178864	165541	191404	182070	185781	191131	197576	193083	173503	176701	185828	176375	165651	180766	190755	202993	174647	203151	185700	176616	199689	189567	177563	186185	121887	192224	170284	200039	138591	166416	153987	345547	369793	368498	221520	31483	63500	36723	226181	198172	227688	227510	239685	260503	267071	248334	200066	245991	205406	256985	216369	297210	304956	292179	267471	259957	266541	264090	304267	294967	311126	255286	264554	308170	269700	303900	250502	303206	323057	260341	227474	316623	230772	295104	318724	25208	102492	67172	51593	93403	37660	75506	47638	145010
Gidoni_2019:S12	218150	47512	164340	144565	216527	194907	199868	533293	218748	180119	199846	167239	186750	177540	194579	154234	186429	165196	220124	215087	203063	190554	177126	206864	153308	216141	146305	196707	192801	197777	177882	222113	177422	227724	193475	186221	187932	161514	193204	193981	185727	186765	168509	184747	172079	180326	186644	164391	215533	202464	212216	205947	177385	217567	188576	216065	204993	195758	206476	200779	197889	185867	191570	212049	197354	179352	210717	186092	191154	174343	186334	174052	202167	192442	199323	203396	210799	203785	183461	189388	197846	187346	176559	193035	204666	219765	185587	214348	197146	186067	213323	202455	188638	196023	127212	205038	180171	210923	142656	175047	161072	386091	411944	412006	245196	37059	68638	39367	246404	214009	245774	249235	261823	285482	291698	270073	216128	263333	219430	281819	232158	330099	338965	322081	290871	285357	292442	285457	337711	323546	341626	280352	292142	340885	297077	335762	276206	327881	352799	282749	243714	342555	243592	327326	354409	27515	112507	72573	55164	102570	40567	83472	51785	160793
Gidoni_2019:S13	221199	47539	163029	145446	221737	199286	204336	218748	561359	187584	207633	171803	193075	181199	199311	157035	190580	169887	226213	218843	208285	196278	181248	210935	158698	221481	147190	199498	195245	200351	182686	230564	179586	233594	198594	189587	190485	162343	194972	201059	192370	190928	174852	189340	176476	185092	190333	168604	221780	206111	216318	209205	181878	222287	195173	221310	207385	197227	209742	202691	199894	189481	195783	216269	203160	182374	214686	192619	192244	175262	190534	178151	206055	195725	202682	208033	214726	208608	188790	193165	200155	191908	179639	196751	209126	222378	189965	220880	200450	192020	217551	206465	192468	200695	130147	209115	182721	218630	148188	179775	166954	400584	427524	427847	245617	36906	66859	40792	256622	221679	252821	254290	270932	294491	302785	279129	222564	270940	226210	290217	240719	345531	352952	334816	300758	295364	302439	296686	349461	337403	357777	290864	298821	352887	305174	346506	286465	345941	367387	295818	255498	359747	254943	340052	367005	26263	106228	69918	53644	99542	38357	79085	49533	157111
Gidoni_2019:S14	181612	37679	130762	122806	185538	174353	171822	180119	187584	432578	182318	151489	169784	160340	168373	129765	163148	152465	190535	182359	180199	166419	160729	175811	143084	188050	123795	169620	165988	173107	163090	200909	158448	198742	169845	159526	164499	132404	165926	174041	169240	165041	154651	162900	154468	161332	161449	146854	186266	169945	179533	172861	153511	184076	171205	184687	177296	168230	178760	170685	165634	157260	168287	179800	178128	153947	177451	165094	159565	149390	159587	152958	171301	164571	165171	177676	180592	173306	160280	167361	169414	162249	150620	164979	175080	182858	164933	184121	165731	166092	186600	171101	168127	173933	118140	175363	157469	190661	136079	162727	149745	316767	336057	337277	208146	28548	56758	32375	213510	186727	205203	206453	225713	243343	248754	230295	189559	228719	191597	238931	204128	274653	282295	264248	252454	246407	250013	249367	281709	277233	291966	237983	237496	284680	252308	280715	239398	285870	298195	245917	213978	300971	220010	272650	292825	24141	91714	57681	45779	84392	33843	64944	43778	125565
Gidoni_2019:S15	214888	46179	155830	136955	207706	191971	189042	199846	207633	182318	549090	166483	185790	174014	187726	146063	180351	166324	211638	203034	196473	186036	175854	196858	155497	210290	137790	185765	181747	190517	179058	227068	169055	221746	188780	177185	180349	146753	181859	190825	187299	180179	171913	178657	174515	177456	179700	159662	207147	188012	197245	193528	166909	207637	187330	203988	195350	185657	199775	188848	181373	173120	185867	199660	198247	168773	195808	183986	176049	163553	173968	168060	189423	185548	182388	197858	201837	190442	179673	185886	186179	181099	168411	183242	197684	204946	180413	207519	186371	187606	207760	189779	186126	193273	127772	194990	173243	215808	147570	178739	163855	393065	414628	414461	236971	33660	64373	40907	256527	220456	242577	246192	272846	291404	302626	273610	224290	271988	222547	287550	245016	339530	350245	323798	308086	302134	305443	303733	347431	337849	357320	294468	290401	348649	306796	342834	293749	345367	358241	293092	252894	357708	252720	339618	364779	25092	98164	65677	51269	95031	34582	70986	47076	146981
Gidoni_2019:S16	169540	37207	126122	118682	171959	160955	160138	167239	171803	151489	166483	371840	156066	148391	157092	124251	152926	141777	175157	169643	164387	156227	147881	164625	133521	173692	118016	157415	155321	161638	148587	181337	145376	179710	157738	151617	153584	128365	155807	159719	155581	153574	144005	151491	142846	149631	152294	137814	172445	159725	165487	162279	143510	172826	157797	169964	163548	155538	167229	160278	155678	149064	157409	166311	164377	146274	164747	153247	151628	141491	149778	144606	160972	154948	155390	164670	168906	161715	151168	154557	160373	152738	143983	155767	163817	171510	152202	171495	156393	154650	173168	160517	154215	161560	110864	162696	147931	173157	125190	149976	139123	280461	295024	294348	181836	26381	53249	30975	194546	171714	189247	191831	204931	217886	222356	208182	173384	205675	176332	215729	185870	244569	252301	240655	223670	222206	224320	224095	251954	246781	258825	215972	218405	253696	225968	249592	212936	252120	263399	220194	194378	259602	194540	244391	261737	23571	83493	55524	42679	82490	32769	62241	43089	119654
Gidoni_2019:S17	193437	38940	139899	127257	194306	180672	176969	186750	193075	169784	185790	156066	471010	164405	173523	133309	166981	158271	200351	189071	182288	172772	165366	182076	146480	196510	126595	175014	171033	180596	167185	207073	160339	208219	175074	165191	169802	137764	171592	178386	174899	169088	160541	168842	157731	167115	167360	151550	193698	176643	183158	179332	156308	194031	176713	190635	181319	173581	186161	176764	171053	162371	176309	184008	184619	162722	181760	169739	167539	157564	164162	159444	178360	169405	171321	184641	186571	179632	167863	172217	180316	167127	153792	170550	182105	195132	167210	192710	172742	172288	195675	178076	173737	182562	121495	180612	164692	197822	138013	167763	152679	339232	358231	357676	232866	31192	62037	29995	226762	199221	215516	220561	238633	255244	263208	242603	199379	241300	198861	253819	212984	288090	303215	284709	271620	264614	267038	266489	303054	301257	316621	255057	252047	303823	268988	302787	255835	306718	315932	263720	228516	313804	227863	289749	315767	25687	99704	62542	48003	91618	35631	70649	48268	134475
Gidoni_2019:S18	178220	37713	130274	123679	181393	171219	168495	177540	181199	160340	174014	148391	164405	404171	165276	127460	160466	149543	185741	178500	172859	162431	157413	172098	139050	184043	122930	166410	164059	170475	158366	194286	154060	192579	165658	156857	162075	133066	164810	168698	164399	161556	150245	158714	150412	157250	159023	144169	182396	167422	173628	169777	149021	180730	166292	179840	172696	164237	176188	168856	163923	155468	165255	174705	174324	152539	171983	160870	158670	148363	156551	151105	167729	162422	162225	174745	178627	170610	157333	163086	167573	160136	148367	161369	172462	180096	159673	179744	163750	162289	183781	168112	164002	170644	115523	170376	155159	184928	130789	156953	145848	301167	318781	317613	205158	27770	57810	30657	205353	180314	199055	201028	217456	233651	238958	221632	182371	221521	186312	230030	196156	260199	268287	254078	242660	236729	238062	237877	268602	267340	279563	229035	229805	272324	242449	269549	230712	272164	285039	236781	206137	282261	208538	260041	280837	24129	89273	58909	46196	85285	33555	66072	44416	125502
Gidoni_2019:S19	199306	46104	149580	134980	200072	181478	181667	194579	199311	168373	187726	157092	173523	165276	458494	143418	174505	156102	202182	195852	187600	178726	164423	190221	145757	199329	135296	179995	178409	182208	165347	205688	162679	207413	180971	172873	173725	148631	177152	178285	173531	173531	158766	170617	162216	167636	174013	155351	199322	186043	194546	188899	164100	200383	175939	198667	186611	177557	190390	183734	178561	172021	179461	193442	183757	166395	190432	173228	174439	160773	170479	163667	186327	177011	182146	189090	195099	185594	170747	177532	181216	176101	165391	179864	190281	200815	172376	198096	181834	176041	196487	186275	174386	181800	120154	186285	167282	198382	135147	164288	153325	343407	361792	362775	203295	36120	59145	36811	229735	202437	224844	228934	243005	260697	267863	247589	200287	240465	204271	256914	216290	300880	310167	292451	264863	262246	268067	262699	304626	294091	309506	261007	265177	305247	270422	301956	253654	298909	317737	260010	226375	306167	223175	301309	321140	24423	90789	63529	47870	92351	34747	68406	44672	141448
Gidoni_2019:S2	167436	48632	147416	136279	159467	139207	145973	154234	157035	129765	146063	124251	133309	127460	143418	330656	138377	118992	159553	157507	148197	144109	129984	153933	114776	155278	137634	141284	143244	143538	130249	154801	128915	155594	144138	141711	137937	149273	141772	138506	133588	137937	125121	137172	132464	129688	139793	123354	157446	152793	155525	154842	134674	162519	136966	160483	152533	143273	150792	150901	144841	143281	140927	154976	138941	136735	152859	141395	142926	133979	139849	131869	152404	144922	148317	148653	155715	151026	139585	139239	143515	140149	139402	146230	154089	160920	138284	157437	150871	139181	151897	151439	134742	141742	96591	154795	136102	147410	104597	123832	118308	266210	274355	277562	143039	28396	56093	34454	190696	167120	195202	196782	196216	209270	210954	197959	166705	189959	163996	206078	176196	240424	245367	236019	216734	207912	214460	207637	244541	228493	237202	211722	227592	244091	220642	241167	206339	222021	239745	198841	178330	226691	172762	239749	255306	24791	84480	65541	47320	93711	36474	68310	44785	141745
Gidoni_2019:S20	191435	44121	145188	131285	191958	174182	175367	186429	190580	163148	180351	152926	166981	160466	174505	138377	436310	150784	193680	188413	180442	171243	159265	182222	140778	190593	130561	172238	172185	175693	160084	197717	158078	196447	173471	166275	167795	143810	171346	171147	167025	167909	152527	165317	155840	160932	167603	149797	190607	177542	185675	181239	156875	191488	169672	190320	180091	170807	182984	176714	172909	166094	171533	185083	176513	160581	183090	168240	168373	155729	165214	157882	177966	169751	173426	182351	187800	178220	164614	169577	174138	168360	159243	172872	181143	191295	165729	189552	174501	168754	188874	178611	168062	174202	116384	179898	161322	189061	132124	158828	147998	325178	342131	342387	197877	33611	58930	37133	218242	191390	214500	217980	230249	248559	253207	235333	190842	230067	195128	244099	207624	284477	291484	276645	252815	250269	254190	250520	289369	279199	294016	247546	252449	290489	257469	286461	241214	282858	299447	246670	214634	291175	213993	283891	304194	24262	90325	62578	47307	90837	34817	68244	44892	137686
Gidoni_2019:S21	166610	34267	120781	114863	172094	162059	157761	165196	169887	152465	166324	141777	158271	149543	156102	118992	150784	381539	176352	165977	162257	152833	148213	160383	133910	173798	114885	155992	152656	159714	150003	183777	144504	182143	155686	147806	153384	123880	154037	160428	156165	151847	144437	150260	141933	149339	149250	136396	171179	155488	161837	159072	139987	172027	158154	168286	161850	154284	165552	157222	153037	144805	156518	163659	165590	145332	161290	150862	147732	140735	146813	142844	156049	152275	151364	164702	166316	159911	150113	154682	159858	150452	137967	151640	160989	170322	150264	170101	153202	154070	172890	159030	155646	161305	111426	160212	147480	177536	127527	152094	139860	283491	300117	298080	194882	24974	55192	28482	196787	174136	186356	189623	207255	219835	226554	208789	175721	208766	175867	216577	186886	245055	253921	240483	231281	226098	227520	225882	253966	254696	266986	216973	215185	255192	228866	254970	219502	261414	267564	227007	197409	267795	198545	245166	264893	22470	80762	55274	43434	79987	30458	60521	40618	114709
Gidoni_2019:S22	230134	48657	171989	149479	229236	205762	205437	220124	226213	190535	211638	175157	200351	185741	202182	159553	193680	176352	583301	225090	213245	199473	186885	215330	160869	228040	149132	202576	200337	207802	188315	237339	183511	238226	202986	193572	195310	166445	200104	202680	197717	194230	177899	193764	180320	186600	194427	170672	227223	211864	218673	213845	181073	229608	199032	226352	213014	200212	216867	209104	202754	192174	201493	218004	209021	189954	214979	197486	197363	182656	190888	181351	209956	197495	202698	212846	220126	210106	193569	197894	208785	194869	182558	200174	213518	230836	193368	225944	203400	196082	224685	212514	196643	206476	132365	211421	189350	224602	150637	185681	169456	417084	441889	443313	273091	37558	73052	37916	266952	230385	260825	266247	280724	304994	314190	289073	229551	284636	233155	303547	248426	352831	366222	348499	316531	310565	315553	311176	367295	355321	376565	301375	313456	367344	317858	363024	299410	361020	383817	309351	261162	372646	261655	350885	383969	28527	118234	75933	56646	107258	41209	84968	54452	164989
Gidoni_2019:S23	218423	46602	164974	147082	218827	196749	200446	215087	218843	182359	203034	169643	189071	178500	195852	157507	188413	165977	225090	546952	206310	194157	179985	209229	154218	219679	145122	197626	196024	202302	180374	225859	179377	226556	196102	190938	189855	165604	196359	194859	188523	190256	170306	188169	173012	178641	190237	164762	218974	208451	215378	210134	176899	221487	191414	221410	206994	194386	210071	205902	199145	191149	193580	213648	199787	182947	212214	191291	195761	176933	186654	173613	207242	191395	200858	205155	213449	202493	183862	189626	201327	189354	179908	197019	205904	223865	186614	218046	198535	187710	216075	207551	186688	197724	126519	203937	181699	212031	144028	176866	161524	389995	412264	416746	250610	34512	69428	37358	245544	212818	248460	249720	258644	286200	290378	271556	214143	266637	222380	283488	231917	328699	339149	324074	287589	281655	288144	285285	338886	321897	340972	276127	296352	343749	294812	334927	272582	328917	356462	281639	242811	342385	244281	325824	353766	27510	117204	73479	55467	102330	40844	83075	52795	158610
Gidoni_2019:S24	206572	43919	150662	139588	207707	190446	191970	203063	208285	180199	196473	164387	182288	172859	187600	148197	180442	162257	213245	206310	493633	185892	173984	198090	151306	209576	139396	188731	185680	192314	174222	217846	173857	218686	188369	180868	181562	154154	185532	188703	182760	181932	166719	180155	168017	175141	180852	159683	208034	194859	205778	197195	171830	207994	185020	208624	200465	186279	199886	193068	188355	179152	185325	202312	193867	172520	200448	183067	182629	167589	178990	169249	194433	184212	189104	195528	203215	194216	177476	183281	190223	181071	170098	186334	196790	209165	181851	206707	188530	182235	206420	194642	182705	190353	124743	195176	174077	207069	141536	172660	158692	361682	382676	387366	230632	33298	63354	35131	235051	205726	233531	235244	250062	271109	277353	257033	207524	253141	211056	268111	223354	313432	320478	303531	276684	273162	280184	277157	318992	308798	325503	266180	274570	322100	280955	315787	263326	316985	338555	273447	237516	332198	240328	309516	332901	26200	105776	66521	52123	94285	38625	74858	48621	146709
Gidoni_2019:S25	197798	44899	147658	133783	197456	178524	182103	190554	196278	166419	186036	156227	172772	162431	178726	144109	171243	152833	199473	194157	185892	456237	165009	189014	145082	196641	133310	177554	175465	180712	167545	204529	160628	205244	178415	170972	172065	146703	175718	177707	174995	171670	159066	171907	160386	166640	171269	152914	197977	183843	190433	186847	161505	197468	176499	196190	185646	175563	187938	181728	176567	169993	176303	188953	182029	164331	187340	173492	173208	159475	169440	162404	185385	175194	178492	185927	191268	184421	170712	174099	179409	172531	163013	177111	187373	198169	170157	196347	182115	174680	193645	183736	172065	181872	119734	185097	165502	195777	135043	163125	150985	338361	355654	356972	203755	33676	59357	36413	226327	198316	223782	225205	238496	256286	264588	244649	198472	239996	202139	253426	214578	295592	303163	287886	263515	259123	264176	260704	301364	289803	305190	255359	261429	302417	265972	297696	248441	295066	312081	255101	223294	305215	222503	293689	315313	24868	94866	64474	48286	92331	35773	69693	45964	141045
Gidoni_2019:S26	177719	35987	129992	123324	181894	170665	171393	177126	181248	160729	175854	147881	165366	157413	164423	129984	159265	148213	186885	179985	173984	165009	410609	173036	138894	184460	121833	166995	163519	171290	161978	194890	155274	195415	165464	157355	163167	133571	164722	169681	168290	161204	151606	163242	150756	156374	158841	143032	183344	168661	173146	171165	147803	180998	168056	182200	174836	165636	177222	169795	163437	155792	164841	175365	172637	152828	173202	163366	159435	148434	157688	151105	170528	163265	162331	173645	176644	170132	157955	161357	168635	158400	148293	161580	171585	180837	159409	180872	164495	160828	182873	168954	163371	172095	115465	171514	155409	183300	132667	156878	143228	302349	319409	318798	214096	23982	60535	29693	205111	178223	200830	200964	215575	233918	238837	224106	182033	224562	185563	231307	195558	258662	268093	253051	244109	234461	236946	238229	269827	266434	278825	226510	229977	273601	241644	270145	228914	272349	285193	234388	204941	285658	210768	257882	280672	24919	96445	61867	48603	87041	35382	69377	47039	127364
Gidoni_2019:S27	216483	48825	166405	141913	211516	189208	192857	206864	210935	175811	196858	164625	182076	172098	190221	153933	182222	160383	215330	209229	198090	189014	173036	550589	151983	210977	142669	188974	189475	191917	174472	217204	170588	220322	190042	182470	182500	159654	188097	186976	182594	182249	165378	181128	170252	175196	182738	161043	211286	198821	208283	203332	172027	214109	184545	211422	198205	189101	201187	195286	190196	182324	187583	203905	192088	175426	201513	183039	186533	169538	180532	170822	199333	186934	194091	198207	206590	198274	182337	185182	192146	182897	174540	189882	202685	214006	179983	209577	194358	183639	207301	198436	181340	191455	125673	198951	177164	207280	140428	171076	157042	389169	408928	413184	235696	42766	67557	39725	248718	214811	246117	250786	264963	284489	293335	269446	215042	262781	218035	282795	232844	334393	344645	323711	293795	287447	295388	289655	340637	323184	342357	288586	296802	344577	299234	335428	279206	319936	347150	276342	238208	332145	235897	332405	361003	26872	109856	71718	54707	101758	39399	78912	51409	160008
Gidoni_2019:S28	155967	34526	116028	109775	159435	149588	147977	153308	158698	143084	155497	133521	146480	139050	145757	114776	140778	133910	160869	154218	151306	145082	138894	151983	342295	159944	109460	144751	143251	148192	140011	169304	133593	167069	145731	137846	141687	116488	143653	149647	146355	142068	135485	140445	135197	139382	140693	128336	158994	145654	150681	148920	132302	158137	148114	157114	150324	143584	152366	146258	142120	136479	145674	152083	153008	133756	150002	142651	137554	130405	138160	134539	147750	143314	141808	151924	155381	149783	141044	144419	146256	141289	131902	142790	151568	156405	140928	158174	144538	144989	158348	147100	144555	149414	106282	150334	137333	162129	119913	140305	130811	256921	269621	268329	162089	27113	49401	29368	182354	160582	174375	176117	191690	201695	207322	191963	162352	190475	163533	199449	174514	228212	234109	219878	210810	206649	209036	210263	232569	229451	240544	204114	200513	233644	210459	231441	201086	233408	240455	203635	180933	239787	181914	227268	243508	21665	74326	51442	39953	75984	29579	55454	38775	109887
Gidoni_2019:S29	222844	45208	163647	147072	222065	204532	202574	216141	221481	188050	210290	173692	196510	184043	199329	155278	190593	173798	228040	219679	209576	196641	184460	210977	159944	576934	146323	200587	197023	206490	187426	236205	181827	236439	199047	190729	193271	162033	198086	201546	196404	191951	177522	190942	178194	185861	190925	168689	222857	205157	213458	208197	177993	223801	197760	220671	209349	199223	215179	204980	197152	186019	198893	212732	208691	183442	209847	191977	193089	177849	186856	178342	206648	194560	198142	210070	215527	206622	189069	194965	204365	191219	177038	195762	211390	224337	189178	219661	198250	194398	223765	205087	194105	205523	132116	206611	184953	224548	150253	184962	167983	408749	434278	435481	276237	33699	70817	34507	259164	225312	253078	258019	276140	300804	308238	284230	228228	281262	229442	297474	243948	343176	359057	336562	314094	307764	310547	309664	358194	351604	371217	297142	301168	362472	315552	356331	298527	355553	376233	302642	257970	368399	259676	344957	375714	27949	114853	72611	55754	103460	39460	82089	53031	158889
Gidoni_2019:S3	158080	44255	137961	131458	149001	134355	137438	146305	147190	123795	137790	118016	126595	122930	135296	137634	130561	114885	149132	145122	139396	133310	121833	142669	109460	146323	312654	135421	134930	135271	121944	146903	122293	149076	135324	133395	130647	140442	133765	132602	125606	130518	119092	127105	126707	124733	130500	117533	146251	141077	145834	143120	128654	150734	128544	147974	143633	138187	142276	139975	137561	132112	133340	146353	133604	128252	143466	130732	132875	126155	130835	124491	139790	138142	138960	141731	146232	142740	130823	132964	135425	133301	129819	135469	145516	148752	131791	145986	139739	132904	145181	139870	131051	133310	93934	145931	128806	142167	100219	118839	113783	250272	260940	260641	142371	27160	53281	31081	180995	160054	182399	186232	189501	197832	201315	184699	160327	180060	155257	194460	167252	228780	232679	220796	211395	202025	208173	200569	231414	221552	229006	204758	213515	231012	212498	230143	202785	211782	226291	192561	169810	216269	164684	228999	243317	24603	78956	61113	45546	89747	34727	66372	42774	134031
Gidoni_2019:S30	197830	41693	145657	134306	197692	182109	185209	196707	199498	169620	185765	157415	175014	166410	179995	141284	172238	155992	202576	197626	188731	177554	166995	188974	144751	200587	135421	475258	178890	184394	167028	206489	166190	211504	178964	172510	175033	148334	178486	181933	174458	174248	159345	172315	159954	168404	173019	153917	198732	186275	192958	187845	164153	199533	176454	197646	189038	180943	191411	185466	182799	170651	177810	194657	184058	166792	192872	173449	176923	161744	172192	161655	185640	177339	182663	187854	193662	186714	170277	174138	183845	172920	162142	177211	187358	200629	172238	196389	179505	173575	197394	186240	174879	182648	120302	188849	167568	196278	134474	164416	150991	341303	363815	364166	226953	31082	63066	33275	223920	195502	222127	224081	235463	257177	261919	244634	197406	241566	202152	253856	211602	290739	301706	285529	261969	256983	262165	258479	299461	291205	307251	250138	257920	304769	265930	298622	249511	294988	316203	254958	220979	308426	223268	289052	312443	25996	102300	66254	51202	93900	37401	76639	47985	143502
Gidoni_2019:S31	195377	43782	146847	135177	196748	179575	180689	192801	195245	165988	181747	155321	171033	164059	178409	143244	172185	152656	200337	196024	185680	175465	163519	189475	143251	197023	134930	178890	436151	181466	163838	201257	163289	204209	177622	172430	173387	150348	177807	176648	171591	172222	155589	169824	157911	165584	172685	152741	197304	186331	193025	187585	161394	197956	173737	197218	186237	176791	189269	184844	180050	171915	176795	189862	181677	166517	188518	171234	175869	161616	169193	161302	185216	173860	180325	186451	192680	184574	168148	173768	182204	173546	163078	177473	186809	199040	169886	195115	180953	172570	195108	184851	171435	179966	118375	184624	166720	193064	133205	161796	149733	328999	346094	347695	207405	33168	61532	34221	219240	193460	219705	222106	231369	251515	256229	237915	193095	233006	198939	247869	207975	284190	293380	279266	252446	249155	253382	249820	291551	281198	295055	245029	255778	293889	258780	289526	240117	286095	307242	249842	217867	295279	217679	283441	305299	25164	97097	65864	49322	93028	36299	72491	46942	140850
Gidoni_2019:S32	200237	41471	147621	137257	201781	186573	186735	197777	200351	173107	190517	161638	180596	170475	182208	143538	175693	159714	207802	202302	192314	180712	171290	191917	148192	206490	135271	184394	181466	478227	172147	212458	169851	213124	183067	176397	178168	150249	182631	184167	180511	176924	163064	176528	161910	171228	176603	156202	204038	189228	195473	191608	164852	203448	181342	201467	193164	182350	197582	189436	182450	173999	181436	195291	190139	170522	193537	176706	179172	166145	173633	164164	189676	178571	183438	192265	197419	188239	173098	177692	188105	175923	163725	180983	190678	205029	173904	202031	182827	177197	203035	188355	178147	188231	122289	188807	170862	201587	138940	169695	153722	347670	368123	369231	236084	28577	64742	31826	227125	198523	225018	227300	239535	261491	265888	248587	202041	246781	205279	259460	215932	293736	306844	291097	267519	262782	266076	266374	306951	298973	315055	253497	262635	310217	271077	304671	252979	306850	326215	263138	228768	317821	230243	294272	319598	26509	106938	66883	50913	94859	38161	75863	50138	142042
Gidoni_2019:S33	182918	36861	134953	122687	184580	171564	173106	177882	182686	163090	179058	148587	167185	158366	165347	130249	160084	150003	188315	180374	174222	167545	161978	174472	140011	187426	121944	167028	163838	172147	438697	199313	155512	197687	164934	157051	163608	131560	164424	171800	174736	161514	153859	165335	152755	158855	158688	142642	187011	169081	172612	170220	146960	182709	171357	183299	176237	167727	178094	169585	163323	155393	167021	175172	175648	153341	172429	164275	158170	148875	159070	152899	172073	164343	162955	175858	177620	173357	161075	163474	168635	159689	147791	161619	174463	182084	159478	182270	167107	163820	185524	168865	164467	175287	117462	173196	156234	187108	135893	159076	144334	318268	336721	336503	225693	25232	61298	30234	212370	184121	206809	206923	225200	242419	249233	232715	189881	235681	189360	240181	203191	269683	280689	263020	260081	247960	250004	250958	283098	281469	295361	238057	237727	287246	254302	284259	241836	285666	295399	243067	210907	301175	218723	269620	295770	25574	100758	62370	49369	88391	35591	70588	48025	131995
Gidoni_2019:S34	235261	45173	167845	147657	230634	214267	209585	222113	230564	200909	227068	181337	207073	194286	205688	154801	197717	183777	237339	225859	217846	204529	194890	217204	169304	236205	146903	206489	201257	212458	199313	658667	188265	251820	205461	192829	201105	159988	202424	213222	209389	198999	187270	196981	189309	195044	195850	174064	230796	208262	216902	211533	179896	229139	208606	226435	216285	206904	222687	209176	199997	187576	205429	218858	220228	185296	214756	199965	194486	179068	191031	183602	208740	201380	200759	218994	222736	211363	196039	204204	208785	196614	180486	199900	218985	228751	197193	226820	203196	204855	234565	208977	205215	214548	138880	214120	190627	240320	162058	197921	178537	452295	483148	482324	307470	35698	74712	37683	282295	241374	267596	273824	303954	329513	340108	307932	247016	308500	245979	323733	267994	378256	395895	363188	354603	344083	345947	346268	395950	392536	415535	328822	323111	401136	348501	395297	336478	399880	416684	334667	281524	418131	286122	379389	417637	27770	120623	73546	58105	103760	39067	82452	54563	162095
Gidoni_2019:S35	173329	34921	127809	123678	178219	166790	168468	177422	179586	158448	169055	145376	160339	154060	162679	128915	158078	144504	183511	179377	173857	160628	155274	170588	133593	181827	122293	166190	163289	169851	155512	188265	398425	191207	162326	157451	161907	135213	165058	166073	161992	159243	145575	158435	144998	153669	157766	140263	181844	168211	176572	169830	149928	180114	161962	180184	176731	163973	175142	170101	165966	155508	161959	175638	169576	153650	173922	157980	160185	148596	157371	148298	169339	161441	164168	171682	175972	168771	153907	158863	168913	156795	147335	160446	168398	181216	158192	178512	162076	156981	180714	169301	160672	167049	111412	169235	152985	178141	126618	151354	139019	292501	309697	313868	208050	23648	60546	26829	195261	171813	195181	194921	204737	225872	227429	214741	175020	214550	180638	222945	185935	250500	257123	245098	228109	221635	226957	223751	257615	253084	265314	214257	224201	262854	230854	258191	215197	259226	275635	225064	195619	273640	202676	246439	267787	25113	98798	62456	49784	85882	37185	71123	46023	126805
Gidoni_2019:S36	233862	44356	165160	147096	231226	213428	214297	227724	233594	198742	221746	179710	208219	192579	207413	155594	196447	182143	238226	226556	218686	205244	195415	220322	167069	236439	149076	211504	204209	213124	197687	251820	191207	654282	206494	194781	201356	162946	204576	214323	208836	199376	186497	199046	184306	199169	197586	176360	234389	212052	222649	215827	186946	232541	208099	229788	218296	209654	223531	210504	206872	190597	208331	222498	219210	189118	219343	197791	198800	183118	196615	187160	213840	203916	209176	219479	223896	217421	195546	204429	213731	197470	180155	200380	219717	233837	197100	229100	206357	203877	235093	211563	207205	217497	136808	216826	191934	241105	158428	195011	175665	443517	479523	477614	303175	38173	73422	33667	276789	240311	265511	269966	295742	321424	333569	304445	241993	302523	243579	316938	259397	369580	388732	359445	341933	328872	334448	333814	385002	382925	405566	318096	316317	390831	336550	385791	320107	391602	412412	329617	276380	409036	280670	370424	407225	28295	124555	73236	58157	104316	40331	85897	55044	162541
