Subject	Bernat_2019:A007	Bhiman_2015:CAP256	Doria-Rose_2015:CAP256	Gidoni_2019:S1	Gidoni_2019:S10	Gidoni_2019:S100	Gidoni_2019:S11	Gidoni_2019:S12	Gidoni_2019:S13	Gidoni_2019:S14	Gidoni_2019:S15	Gidoni_2019:S16	Gidoni_2019:S17	Gidoni_2019:S18	Gidoni_2019:S19	Gidoni_2019:S2	Gidoni_2019:S20	Gidoni_2019:S21	Gidoni_2019:S22	Gidoni_2019:S23	Gidoni_2019:S24	Gidoni_2019:S25	Gidoni_2019:S26	Gidoni_2019:S27	Gidoni_2019:S28	Gidoni_2019:S29	Gidoni_2019:S3	Gidoni_2019:S30	Gidoni_2019:S31	Gidoni_2019:S32	Gidoni_2019:S33	Gidoni_2019:S34	Gidoni_2019:S35	Gidoni_2019:S36	Gidoni_2019:S37	Gidoni_2019:S38	Gidoni_2019:S39	Gidoni_2019:S4	Gidoni_2019:S40	Gidoni_2019:S41	Gidoni_2019:S42	Gidoni_2019:S43	Gidoni_2019:S44	Gidoni_2019:S45	Gidoni_2019:S46	Gidoni_2019:S47	Gidoni_2019:S48	Gidoni_2019:S49	Gidoni_2019:S5	Gidoni_2019:S50	Gidoni_2019:S51	Gidoni_2019:S52	Gidoni_2019:S53	Gidoni_2019:S54	Gidoni_2019:S55	Gidoni_2019:S56	Gidoni_2019:S57	Gidoni_2019:S58	Gidoni_2019:S59	Gidoni_2019:S60	Gidoni_2019:S61	Gidoni_2019:S62	Gidoni_2019:S63	Gidoni_2019:S64	Gidoni_2019:S65	Gidoni_2019:S66	Gidoni_2019:S67	Gidoni_2019:S68	Gidoni_2019:S69	Gidoni_2019:S7	Gidoni_2019:S70	Gidoni_2019:S71	Gidoni_2019:S72	Gidoni_2019:S73	Gidoni_2019:S74	Gidoni_2019:S75	Gidoni_2019:S76	Gidoni_2019:S77	Gidoni_2019:S78	Gidoni_2019:S79	Gidoni_2019:S8	Gidoni_2019:S80	Gidoni_2019:S81	Gidoni_2019:S82	Gidoni_2019:S83	Gidoni_2019:S84	Gidoni_2019:S85	Gidoni_2019:S86	Gidoni_2019:S87	Gidoni_2019:S88	Gidoni_2019:S89	Gidoni_2019:S9	Gidoni_2019:S90	Gidoni_2019:S91	Gidoni_2019:S92	Gidoni_2019:S93	Gidoni_2019:S94	Gidoni_2019:S95	Gidoni_2019:S96	Gidoni_2019:S97	Gidoni_2019:S99	Gupta_2017:Fv_volunteer	Gupta_2017:GMC_volunteer	Gupta_2017:IB_volunteer	Huang_2016:Donor-Z258	Johnson_2018:CAP256	Soto_2016:IAVI84	Soto_2016:N152	Vander_Heiden_2017:AR02	Vander_Heiden_2017:AR03	Vander_Heiden_2017:AR04	Vander_Heiden_2017:AR05	Vander_Heiden_2017:HD07	Vander_Heiden_2017:HD09	Vander_Heiden_2017:HD10	Vander_Heiden_2017:HD13	Vander_Heiden_2017:MK02	Vander_Heiden_2017:MK03	Vander_Heiden_2017:MK04	Vander_Heiden_2017:MK05	Vander_Heiden_2017:MK08	Waltari_2018:AD341	Waltari_2018:AD344	Waltari_2018:BD1	Waltari_2018:BD10	Waltari_2018:BD11	Waltari_2018:BD12	Waltari_2018:BD13	Waltari_2018:BD14	Waltari_2018:BD2	Waltari_2018:BD2-repeat1	Waltari_2018:BD4	Waltari_2018:BD5	Waltari_2018:BD6	Waltari_2018:BD7	Waltari_2018:BD8	Waltari_2018:BD9	Waltari_2018:CB1	Waltari_2018:CB2	Waltari_2018:CB3	Waltari_2018:CB4	Waltari_2018:CB5	Waltari_2018:CB5-repeat1	Waltari_2018:MT1214	Waltari_2018:MT8004	Wu_2011:Donor-45	Wu_2015:Donor-45	Zhou_2013:Donor-IAVI23	Zhou_2013:Donor-IAVI57	Zhou_2013:Donor-IAVI74	Zhou_2013:Donor-NIAID45	Zhou_2013:Donor-RU3	Zhu_2012:Donor-39	Zhu_2013:Donor-C38
Bernat_2019:A007	1.0	0.16221446389625369	0.42317134112210053	0.3485224906553631	0.4273398670494592	0.40231507118760673	0.3998296833789995	0.41765375632470314	0.4158861161411088	0.37668773231761	0.4027184206877667	0.3713400979636643	0.38959975741119784	0.3789313995019432	0.40276765929300457	0.36556494688462166	0.39494062833452687	0.3602734573478876	0.423664644665577	0.4142193522652272	0.406333620748625	0.4006761021755601	0.37573616153159267	0.41224516167684405	0.3502735262086215	0.4149340780965077	0.35097046480752025	0.39869624533284437	0.4016767250018913	0.39986900905758604	0.3755745214459369	0.41253747846928046	0.37112022472409956	0.4145685463892614	0.39867551379878274	0.395435720783984	0.39229422476830667	0.36445934123025114	0.400408974994485	0.3963139465547731	0.3798477035478802	0.3915129352506145	0.37090577688026877	0.3885460585592927	0.38467699641716335	0.3856242036258511	0.39680968099190006	0.37052357340953024	0.4199466805766528	0.4133196234132629	0.4157403688872301	0.41483031292616784	0.3841736030211059	0.43000664552309903	0.3901983035744909	0.4181000675182191	0.41543942266562933	0.4042985046953057	0.41334473680719086	0.412365875261311	0.4001432417238546	0.3963854202552749	0.4030317552219158	0.41631561410978435	0.3974453247397711	0.3861548557470545	0.40834839413086316	0.3957533505666991	0.39676656104325175	0.38888959430994163	0.38781828079924735	0.3842121941270302	0.41085798784515554	0.40609601475194834	0.400722868850379	0.41601257837782357	0.420547229843666	0.40998947265350694	0.39535664786497726	0.3973910445863182	0.401159238601629	0.4009008400617562	0.38971002760678375	0.40440737913849184	0.4200733333757147	0.42109559046989237	0.39695328811684744	0.41705818661731653	0.4135561457745338	0.40027597100409623	0.4179805298431157	0.40613953974745437	0.3910945400608408	0.40150497565281656	0.30796755959571426	0.4209635145258964	0.38988206812906323	0.4061118745899721	0.31955544501943933	0.37007688725640503	0.35669668756864026	0.35363397660923795	0.3400448885455734	0.33780297214560917	0.26279668782697474	0.10544841238908025	0.1988918099418121	0.11636240049372744	0.4372590931093038	0.4146879522145626	0.447478464984803	0.4507944300284166	0.4289897895927168	0.44318423113032723	0.43146832752184766	0.43769916919442436	0.4183208322542614	0.42995437055082686	0.4212323055831415	0.4381465599318605	0.43138790790821185	0.3902711838236025	0.3717312989630251	0.4237267938880902	0.36666167544880995	0.40806505031117585	0.4006123436169354	0.39386956408277884	0.3911106064579505	0.36453895966119715	0.3574560355048968	0.3694812250725403	0.4311653723189561	0.38874918855929874	0.4050538174083689	0.39253261795527694	0.38013077610510115	0.39850698798259515	0.4027643799439653	0.4177488269197667	0.4215497391212234	0.40126235785833275	0.42041287936867866	0.3695965014724889	0.3387719869371523	0.09457044373563542	0.25793358948047257	0.21636944264657101	0.16799361997197382	0.31441350429774034	0.12671547440081926	0.23200380089498004	0.16452888080913275	0.40822075309850203
Bhiman_2015:CAP256	0.16221446389625369	1.0	0.22749497938391566	0.17855574634864851	0.15443494890540185	0.1432331609158997	0.149564096351952	0.14868781789934027	0.14583782122893452	0.14058724785603774	0.1441397039049868	0.15000312789410503	0.13720230213545156	0.1441714778463621	0.1574841618633812	0.18865826538176428	0.15655359274993488	0.13845878920810184	0.14328954284419532	0.14475030963836913	0.14593496756754043	0.15507659057235723	0.13727525194284562	0.15088368841263147	0.146564680207686	0.13781565780277996	0.18178337853399218	0.14525866160752632	0.15376773952876974	0.14188054188801075	0.13691528067682315	0.12854606334187324	0.13631244735890666	0.1289405620998664	0.15302393964466704	0.15791580858028878	0.14850721612082762	0.1671282697654494	0.1505916383309691	0.1392662501897402	0.13435966669484206	0.15066723746879024	0.1470426615144797	0.1465457608217427	0.16878685347632738	0.1510018493427529	0.15734724491715088	0.1633413363329296	0.14768372478940628	0.1540033565706855	0.1532002534368192	0.15423352717861274	0.17265317772597114	0.15456416600450423	0.14198806843433165	0.14848096505730196	0.1530324388051477	0.1512817987140701	0.14352413310773302	0.15391357081326812	0.1541162577111572	0.16529135402245465	0.1540815378998159	0.15182540989079477	0.13886373831867846	0.1576734297723109	0.14862993526388762	0.15456225362852882	0.14914911682338658	0.16070891495468595	0.15686431696606554	0.16166614525347361	0.15449566459465877	0.16290864888455656	0.15457375037149393	0.15324099570073504	0.15576311490442762	0.15656541892101092	0.15946912558406762	0.15538764820554035	0.14173600015380217	0.16263162770446898	0.17225167960096607	0.16060541374699452	0.15731675254099137	0.14621438473830697	0.15942724363404548	0.15034576805157307	0.16710234958523695	0.1594727182059888	0.13966181824252466	0.15201324131000027	0.14691295455796843	0.14059829300674948	0.1446807959426533	0.16328905661949228	0.15248077493365048	0.13562343717096587	0.13715964792221377	0.13261718578598425	0.15073935939735122	0.08161906748215333	0.07688988443835246	0.07636466527900204	0.01244285580857611	0.17908486692885053	0.012834233026663647	0.26410584407832244	0.13588355448154402	0.14332204837713902	0.146544158680988	0.14336153197311527	0.12583365902787014	0.12243053832551747	0.11807543612454034	0.12647548563044067	0.14044015685943215	0.1193793612427767	0.14158527342146318	0.1221266587260356	0.1387888707233759	0.09939451374157778	0.09142649470332848	0.10928315240495698	0.0916350645483964	0.10478259835506272	0.10353318762279218	0.10225784504164849	0.09526327205082182	0.08781494004562848	0.08405343273517062	0.10110873370046948	0.12019390179234693	0.09291960870617585	0.10521183288583047	0.09543123879284407	0.09668283255821872	0.09500682254814055	0.0948029447115446	0.10915944269670808	0.12364150227124188	0.09091694144663774	0.11876517119911194	0.09400225154500162	0.08107936539054425	0.009915422847945917	0.014316467116920565	0.10299145679135735	0.014058623726932598	0.1825793831193388	0.010226685786155541	0.014533649153409078	0.012437186638917807	0.19836340874932445
Doria-Rose_2015:CAP256	0.42317134112210053	0.22749497938391566	1.0	0.33217228301036245	0.34880158308723747	0.32024355144353606	0.3271247288027896	0.3392892797719496	0.33275418077510327	0.30157897791801996	0.31884152644570285	0.30725448063696886	0.309871410506251	0.30805755855135875	0.3300979619986615	0.34847908580244547	0.3275635753224319	0.2923983258977136	0.33975948458821387	0.3369683316334688	0.32552802320913127	0.3274008854530345	0.30532436723173123	0.34024243304709156	0.29104713443396535	0.32967072974128214	0.3353385216667755	0.3222414427328442	0.3303938948074397	0.3232711025503693	0.30590205600099657	0.3186851307463314	0.30517030739136264	0.31928918928473876	0.32325505004116567	0.3284688974928926	0.3218935789859239	0.3372240932957367	0.3279378568077627	0.31325327365354366	0.30123345178789984	0.3223861893167043	0.3003169262362968	0.31723829500789036	0.3336964899414445	0.310112536805232	0.32505100155093664	0.30884726823638864	0.3345452112607154	0.34331781373698317	0.3352057441249855	0.34152942609116693	0.32618069292318735	0.35448016152936723	0.3097189641794996	0.33801996760417513	0.3469484131637628	0.33671280533211284	0.33437434017401213	0.3417725140018847	0.3327331327722899	0.3343337591330603	0.3285094027579388	0.3395806442556018	0.3118707125137973	0.32918964149711843	0.33195540125262757	0.326516675234898	0.3272587107105515	0.3295145790052469	0.32287166792617344	0.31865835036249	0.33828237585704257	0.34411032126546204	0.33101173445635984	0.33756727010899623	0.3408652122335205	0.34061800419831567	0.337969505685216	0.32220207735092776	0.3241333776765073	0.3296570565862572	0.3366243887546368	0.3341501461099237	0.35051692443712096	0.34182824961459907	0.328086971522011	0.33662863488702277	0.3472901567912054	0.3244787692475592	0.33469149111846824	0.3363036522399846	0.3118195361392448	0.31852274914415213	0.2670242837270766	0.3536961271577165	0.32799238961446764	0.31118040429200405	0.2670457974853943	0.2929045661642661	0.291906194121195	0.2948718734219908	0.2791880772222082	0.2787705219682655	0.21222698359754635	0.11575756508750275	0.21579679350820563	0.15248418708056036	0.37493821927085175	0.34701956556495406	0.38754354254184975	0.40401015538840224	0.35968883021674836	0.3649977516572271	0.35223404147935405	0.3629787047544235	0.35646426380926527	0.3508337650680586	0.34313361947285953	0.3714996968519141	0.36186545011148336	0.3224058393506624	0.305153235873158	0.34262190306461626	0.3070857902379968	0.33174331964586745	0.3315110246848344	0.3190534470965634	0.3233394387457847	0.2959002274920794	0.28845188996734755	0.3161493010743401	0.38184184325564646	0.31915007920731525	0.3404652478998085	0.3215975279933336	0.3137616174568293	0.2926164150515042	0.2988384194897155	0.3099961861900529	0.31355674123161204	0.2931655355880979	0.3130253596562134	0.3084619706229862	0.2863386704953761	0.11609707692187127	0.27888938362419613	0.2511694842439091	0.19333313029359886	0.3862162730849117	0.15322911514451318	0.268991217924527	0.19821383070595486	0.5113906328219989
Gidoni_2019:S1	0.3485224906553631	0.17855574634864851	0.33217228301036245	1.0	0.4361193472943284	0.4317497611189047	0.4434922269615364	0.4402186873277524	0.43370344406955563	0.4186737121912662	0.4158143290575124	0.4326725246060062	0.41786574721094627	0.4332368825244693	0.4421254912526702	0.5120060548830883	0.4446193880115846	0.41430054881218437	0.4332564342654281	0.44173813206172424	0.4405015186866655	0.4409069338231347	0.429378492691837	0.4351894404234374	0.41765184771359787	0.43336253493221255	0.509763289466716	0.43949811677704376	0.4514215135021225	0.44249168955445484	0.41571736109473884	0.4079769594834158	0.4382213250610425	0.410418049144271	0.446623061632565	0.45573181549294406	0.44643111253343937	0.5137903399752478	0.4511098058443585	0.4280498816822982	0.41509671836475126	0.4455201500438753	0.4204702390213488	0.4390585309787706	0.4289656437726222	0.4231361556129441	0.44819872510117487	0.43962678857108545	0.43669395713333053	0.45057018240589025	0.44068471177256124	0.4496230054725746	0.4482078712880122	0.4375159448596555	0.42804429108354747	0.4435996807406742	0.44470202137911014	0.43984195978114743	0.4424562193427096	0.4546033054379996	0.4501917080821712	0.45516590885877845	0.4368295038976569	0.4437343863376053	0.4242154788458223	0.45230175370087405	0.44467155009356973	0.44097024244498767	0.4501053002125908	0.45800472725206987	0.45049346434376036	0.4442623727075172	0.4475141045187595	0.44656770314796573	0.44596776728079895	0.43793277938875236	0.44495887472399215	0.4439976923893729	0.43272026505622196	0.4369493399529988	0.44016233354207407	0.4496006181044907	0.4605802919811905	0.4522062470819618	0.43959861442765596	0.4392315063099016	0.44315816354888693	0.43984756303984057	0.44962572870761525	0.43630266963216485	0.42915698529807267	0.446654424309796	0.4320622919602911	0.4293485510524329	0.39241534578399756	0.44624267264786743	0.44668312899392043	0.4035081016801558	0.3882221457669167	0.4112310881374019	0.4169762415061506	0.20165436073638943	0.1923922251872086	0.19076734113575244	0.17661027151742922	0.08902411538583013	0.205901728771723	0.11677623731507504	0.33597991736489136	0.35634849825689946	0.3726763244286791	0.3501293048023739	0.3174330988400385	0.32806249079596284	0.30258034323588484	0.3328195684138084	0.36302331244262465	0.32050076339627165	0.3760815940836659	0.30639151693038635	0.3366052796265312	0.2434630635153088	0.22674089336496098	0.28002611981303405	0.24275222958482565	0.2653587229044298	0.2553922043513864	0.2565992803265872	0.2400733803518072	0.226631735803939	0.21397225054621682	0.24191618559804312	0.2908682037958994	0.24074704963044247	0.2692375913716125	0.25095620391882195	0.25348335435016406	0.26731812012082995	0.27253591592803583	0.3126682561652757	0.35651913917891237	0.26738762279682626	0.36087192468001733	0.22843351413457136	0.20009151892148128	0.12642395028830453	0.21764951717713446	0.2474521769457389	0.18896650659367734	0.33114500395694757	0.17294361965658106	0.24034315994780556	0.19113209073493237	0.33416588567799027
Gidoni_2019:S10	0.4273398670494592	0.15443494890540185	0.34880158308723747	0.4361193472943284	1.0	0.5128736986640745	0.5191939647228385	0.5287214286215419	0.5313879592128342	0.49077751853838075	0.5026912612877638	0.48230837888536027	0.49955823542524663	0.49360358532348575	0.5174651237393112	0.45287990260527977	0.5086440475351373	0.47330534306787886	0.5359515212847158	0.5291003019976127	0.5226249900099582	0.5133267839455538	0.49056277949946675	0.5190945766409311	0.459690556709914	0.5272497961356142	0.43314093231703304	0.5102554726668616	0.5173979786110132	0.5154118218726433	0.48414747428193866	0.5165163156851996	0.48698624782036676	0.521806660161445	0.5194206900152882	0.5092702841153929	0.5075567956237468	0.46043447412957145	0.515482298694794	0.5062418657346012	0.4957056674609259	0.510809981495111	0.4784189727217506	0.5058458748924503	0.47715452417634263	0.4905278176275189	0.5116669507189564	0.4820048283784408	0.5325465595523609	0.5246760956253598	0.5263656010644442	0.5263414468575586	0.4910551879073971	0.5344253230292088	0.5068569120547637	0.5357074862260061	0.5167864421768047	0.504542303302649	0.5204384965882414	0.5220748963505473	0.5166547447988412	0.513091451099323	0.5109111734781064	0.5259145239960094	0.5102695138125705	0.5053529295108171	0.5260693833282508	0.5081763329400097	0.5090510050859351	0.49563861838634793	0.5069626679664915	0.49720190740583886	0.5233869155958492	0.510064395716269	0.5126413560748954	0.520847797708859	0.5308664916345011	0.5205706765025214	0.5009485075552169	0.5070802309803716	0.5181365545719689	0.5155239350899005	0.49952359477838576	0.5198709879394263	0.516739675139073	0.5349637674519273	0.5040728435008147	0.5369254010430653	0.5207315873532619	0.505949274262776	0.5178752660327585	0.5254168156139187	0.5021234503991175	0.5109073947739083	0.40302212531270054	0.5196264925043139	0.5012203956425751	0.5057427824435807	0.4288047809037226	0.4834012837780301	0.4669844859855032	0.2963172272360094	0.2855469058944686	0.2831512249317767	0.24806968960658218	0.09645626958088536	0.19047965901077335	0.1143624480541416	0.42968581081013424	0.4339766869201266	0.4578497567255678	0.43579021055288986	0.41522250745884715	0.4393708661979124	0.41435515625584296	0.4415090254638574	0.43731317210381304	0.42464184362824126	0.46011487979572757	0.41233962958820775	0.42583678011010784	0.34202138833638923	0.3214045137124852	0.3913481443178944	0.3282017048440288	0.36503962569748105	0.35128774489022113	0.3514020548717034	0.340582340602637	0.3214130147496267	0.30966548151578926	0.32478341823532536	0.3863969478207625	0.34165887824795965	0.3645482558805596	0.35416880703820686	0.3370154225434982	0.38748706494604734	0.3940319462209619	0.4307525720689581	0.4644634971398569	0.39010944443938383	0.47227980336801445	0.3197854834621119	0.28688398600875614	0.09500233403114858	0.22637017591759107	0.21376492989440887	0.16234053598531553	0.29449381933278485	0.13180977095716742	0.21533145121815875	0.15698604059160193	0.34437337665746565
Gidoni_2019:S100	0.40231507118760673	0.1432331609158997	0.32024355144353606	0.4317497611189047	0.5128736986640745	1.0	0.5144628331130155	0.5152814065696804	0.5157017283679443	0.502821995185161	0.5032482748597752	0.49363669861563403	0.5067585757590781	0.5071240587790936	0.5094328268188306	0.43634809326268337	0.502470396331588	0.4895648115848742	0.519478691645297	0.5148544986965095	0.5185235285582431	0.5045545118204089	0.5015323872427438	0.5031555108742625	0.47412023683589677	0.5223989705323948	0.42956265179466496	0.5102300475826905	0.512735273030695	0.5163194084642709	0.4912317058071065	0.5157449556699613	0.49601115102120474	0.5173987873646748	0.513672492423868	0.5018141993357821	0.5093673046151072	0.44812390892557147	0.5093286411653678	0.5121590270725651	0.5038494861327312	0.5089909547322188	0.49174126020677533	0.505225616830552	0.4779787141903517	0.5008436295168233	0.5062212920704723	0.4881950525319095	0.5197304270287784	0.5076852371099021	0.5096914985553412	0.5080408238990498	0.4864716780587424	0.5078951785841681	0.5112974446426614	0.5187237552507404	0.510828775307353	0.501786314087445	0.5181666208725436	0.5126496791012317	0.5066091389698827	0.49705122159681153	0.511565668506401	0.5098666379458023	0.5185592886344698	0.49401560940037714	0.5121854915850949	0.4997693101444784	0.5002924530093673	0.4935269311116034	0.49844735869047274	0.4977926431277727	0.5080430619098191	0.49944552008510157	0.49920069757302715	0.5128288159521859	0.5184627465349682	0.5074023707273705	0.4892675876559297	0.5071215741287335	0.5129539008754571	0.5074588219957953	0.4860131407114105	0.5041398788384831	0.5035745877485495	0.513374433711451	0.5046074791714273	0.5159868140895478	0.5007647767595635	0.503611684668128	0.5175245068862133	0.5058066157728209	0.5099258586553062	0.5153623848703976	0.42233858699030324	0.5077652461316834	0.49845236449763036	0.5068416619369959	0.45101322454075926	0.4980084474547154	0.48402737219039804	0.26613779619909833	0.25659844994912956	0.253997088876345	0.24833983817035643	0.08832479070381999	0.19225321971971546	0.10513476452675365	0.39991620748382606	0.4133279729110845	0.4241494064806722	0.4009942263173355	0.39075396144957786	0.4084945542053801	0.3841723641158155	0.4120157317922175	0.4233810449716783	0.4038548622125676	0.44138175412522646	0.3831130669943312	0.4039681803704846	0.307610736423852	0.29096790322616695	0.3521084954077156	0.30710527026524925	0.33998373096907064	0.32396699556937986	0.3316544815744898	0.3084793300009983	0.29672828392128214	0.2843587499909832	0.2986713243964663	0.3454928317362717	0.31101001993440325	0.33631270291524107	0.32325097105066586	0.3177315036457531	0.36170685296908867	0.3621359888819693	0.40787200125444795	0.4465329787383854	0.3654145735209317	0.46219157994854776	0.2884262874337797	0.25848220663164806	0.10200007722185653	0.2273024585253336	0.21103817827979177	0.1652317786822804	0.28961306442619567	0.1367823942107295	0.21675935304917376	0.16531482262534059	0.3197361397385774
Gidoni_2019:S11	0.3998296833789995	0.149564096351952	0.3271247288027896	0.4434922269615364	0.5191939647228385	0.5144628331130155	1.0	0.5251124131650877	0.5259664321734681	0.49807095277042146	0.4973347747146932	0.4936658537226375	0.49822305217547247	0.5019820782836447	0.5129136607732858	0.4565120039468781	0.5087841588052965	0.4798926576640477	0.5213507477296051	0.5255683644643361	0.524399590188066	0.5159394778963455	0.5046185191954446	0.5142839842905343	0.4716606654079796	0.5210274829959868	0.43953968216125955	0.5166268119024865	0.5196037790698269	0.518673952509651	0.4958115694686622	0.5069070082741176	0.503261807682016	0.5166458554485295	0.5157113512035045	0.5112775350052567	0.5133713417928387	0.4647189409437734	0.5191791149095505	0.5123109178596686	0.505172941124318	0.5144565903760008	0.4851056880992718	0.5160266776365868	0.476650927025173	0.4968154491398032	0.5136625844239583	0.48689714970502807	0.5276171446431197	0.5215691093832656	0.5218817020808881	0.5213330043613522	0.49965337244490693	0.5165352051404188	0.5136358294541646	0.5305947942997157	0.5206682941427634	0.5065008394808673	0.5194260633187766	0.5236045845003562	0.5201219679549854	0.5156842922346235	0.5113945280585976	0.5206798074017315	0.5104484962083864	0.5048692535567072	0.5258310760177609	0.510466572001545	0.5129910938632622	0.5004297730968444	0.5185871772217666	0.49942201261209573	0.5244728770821748	0.5107429194483305	0.5153817741648125	0.514878120676518	0.522515655350615	0.5198877962363856	0.4955128449894894	0.5023770752052502	0.5176394485714872	0.5152226763417572	0.5000481745430333	0.5173190497141802	0.506837780485889	0.5224373267018979	0.5073275567524393	0.5288937154414567	0.5156452157149919	0.5006968742057583	0.5112752847748959	0.5212378905231857	0.502378290365581	0.5118166950048708	0.4190903313721043	0.51472524767166	0.5026175205555795	0.49413655526157396	0.4443040642564667	0.48720574668528	0.4727258391481779	0.26343774702503564	0.25467665279992513	0.25216165095497767	0.23874340077865522	0.08877226411690914	0.19480177109848482	0.11270084290765023	0.3916640442080588	0.4038141076245782	0.4288091466530828	0.40038091408953624	0.38063186121900544	0.4028958684639328	0.3769179881408798	0.40860638588791365	0.41197389475465607	0.39689966334151716	0.4394695856865964	0.3769573817764213	0.3972247202496091	0.30510850265049627	0.28609155631362027	0.3503370600071337	0.2973380595435641	0.32815077619225386	0.3163063071961535	0.32010310358584415	0.3035721285659345	0.28764570877472845	0.275962133926957	0.29184967668783934	0.3466731283568522	0.3072368476267328	0.3299539676908121	0.3178023467828237	0.3049959971524799	0.3510891643090497	0.3576779190145276	0.39366006665341174	0.43548499523048206	0.3559636281173351	0.4523173615230075	0.28430626527074077	0.25455821777144017	0.10039510322279817	0.229510378944108	0.21791610601166628	0.1705605059131916	0.2904504360166608	0.1417225589276953	0.22166935756917838	0.16368943978265893	0.32808446334315516
Gidoni_2019:S12	0.41765375632470314	0.14868781789934027	0.3392892797719496	0.4402186873277524	0.5287214286215419	0.5152814065696804	0.5251124131650877	1.0	0.5369143400329862	0.49601803243915105	0.5020047139091246	0.4882588610269777	0.5002525594191133	0.5012964600456482	0.5221402335154761	0.45638437572006774	0.5140347158831973	0.4756775191541026	0.5346266269901035	0.5378721347815342	0.5280525822581216	0.5142979470819777	0.49651283234609506	0.5247886714750888	0.46207187281998163	0.5319130972470271	0.4397750502404676	0.5224815139576359	0.5262805486319438	0.5234951560828524	0.48616336804130267	0.515192124355643	0.5016071418830296	0.5267635743929677	0.5235806284121772	0.5157123856568508	0.516902622266983	0.47034611000271404	0.52428529746852	0.5120761281429084	0.4961843213876498	0.5166999429510343	0.4804992517035726	0.510790586089458	0.47765646985893756	0.4948891814794769	0.5184912175685116	0.49004320868525225	0.532569194299816	0.5306868689108394	0.5367121701074202	0.5340331286883817	0.4983116302047258	0.5288895926198921	0.5084284913894995	0.5387435513281215	0.523613478390236	0.5163093142082693	0.5266213276195162	0.5297196707672363	0.5275283059428182	0.5160387438280467	0.5156858490541696	0.5347056460200761	0.5125571170369785	0.5061505067856986	0.5384137799872801	0.5089283250116666	0.5249256755473496	0.5031247139325307	0.5137383734884718	0.4987206993567446	0.529307055436783	0.5131616712427405	0.5248787262230907	0.5232828517951106	0.5318327866327722	0.5242605324031072	0.49894011407725963	0.5120864123391276	0.5251299728469111	0.5199420477294912	0.5049823400388391	0.5243184343072991	0.519658121899908	0.5402997410356397	0.5114635823816891	0.5340654462214166	0.5207223836976401	0.5016032785206718	0.5217283240846213	0.5304301802351553	0.506722498786927	0.514902264073134	0.41123686642510865	0.5233474335037479	0.5051239144602355	0.4994253207750983	0.43321066702777283	0.48695350381252217	0.4678896971497758	0.28323982303656553	0.2733983994384403	0.2713559777195796	0.25259792301785977	0.09229809505878085	0.1952031795181145	0.11016537860881058	0.4097798921090335	0.41752808118728046	0.4454650398374651	0.42063468274766147	0.39953904865848483	0.42590021736683886	0.3973316259464029	0.4287331885196654	0.42647911905224734	0.411307773938345	0.4504039964817742	0.3980305440396252	0.40971929360705667	0.3263717883352534	0.3063062168171327	0.3733397087517446	0.3125693839157675	0.3471246336041081	0.334399734625951	0.3349370420043775	0.32449653569736964	0.3046517817559611	0.29293482477642635	0.30815746751456347	0.3682299657532871	0.3280291154428162	0.34989552960638554	0.33913776442074267	0.3229077622642737	0.3692594341911816	0.3794059165879847	0.41217390024638095	0.4498422528520441	0.3753017792352089	0.4615799870840721	0.30379665199136696	0.2726235929458507	0.09932155122606454	0.23431875662458415	0.21814313866489105	0.16857013858582912	0.2965591377025262	0.139531323692051	0.22598744615490227	0.1634902814693831	0.3423667710036611
Gidoni_2019:S13	0.4158861161411088	0.14583782122893452	0.33275418077510327	0.43370344406955563	0.5313879592128342	0.5157017283679443	0.5259664321734681	0.5369143400329862	1.0	0.503463028719693	0.5087751778717121	0.4893128489677083	0.5062507548945381	0.5003207503207441	0.5234834620109489	0.4553098012244224	0.5129315327828617	0.47752940028498864	0.538850414632242	0.5369585829839271	0.5309574257084799	0.5183606938551668	0.49659039519038406	0.5262177332536108	0.46585366753998936	0.533909322699543	0.4336451433170783	0.5186098913396795	0.522813906114	0.5199843755366077	0.4885139488308298	0.5237964286113076	0.49623706543813495	0.5301930759061668	0.5267642852511798	0.5140768112701445	0.5129368356638068	0.4637906660814849	0.5193003134410703	0.5186599322876962	0.5019185136192166	0.5164244981588552	0.4858807765005223	0.5125571797981627	0.477896318415138	0.49675238111196746	0.5176565850358961	0.49084573857443037	0.535923848600176	0.5302978387329511	0.5377373699202348	0.5325932315370799	0.499940916929402	0.5304020483750732	0.5136360711034279	0.5411743494030603	0.5194002971427079	0.5110035963285243	0.5251970376567326	0.5247256427376471	0.5232109325139331	0.5154360651788079	0.5155927719731972	0.5352062632748095	0.5167776791448696	0.5034475434593503	0.5387388371048012	0.5139904623778023	0.518649545973975	0.4946173606272935	0.5139474645497845	0.4990586627747915	0.5284496216083306	0.5120726297553541	0.524266963260308	0.5237954593552521	0.5316090168994052	0.5259298876832367	0.5022161143027245	0.5118275153084296	0.5203497909921126	0.5203936079354614	0.5023783308957994	0.5250759572681122	0.5198497455975257	0.5371229115086601	0.5122523452831655	0.5394190253902833	0.520111455534035	0.5062928906402353	0.5217640153051958	0.5305686879009236	0.506330948074513	0.5159251104928939	0.40997101212969395	0.5233502023425716	0.5018596544974762	0.5063847931233705	0.43673284874144236	0.4888068642747087	0.47332373063969035	0.28941112756700327	0.27978269537040246	0.2774943486532379	0.24963121943258898	0.0906838387293348	0.1873940562716149	0.11077669322055185	0.41800099532572366	0.42424016020917266	0.44998530963334316	0.4231986638846589	0.4066924747009842	0.43267125880409874	0.4055861092896765	0.4353682592244797	0.43107025706180274	0.416482262987474	0.4550190409083239	0.4033279404584163	0.41644460198809197	0.3344690956701272	0.31333937219540253	0.3814359602795966	0.31902003082182206	0.3542051936984424	0.34171914060086905	0.34308871645458383	0.3314442651409146	0.3127093176119098	0.30152514590926666	0.31503986479946006	0.37260386730201756	0.33502630821185597	0.35520678299049074	0.3455662947124237	0.33000974477496653	0.38123943430926616	0.3884464387990803	0.4237843873816404	0.46195910860631445	0.38664982573652473	0.47349070526316545	0.3105599606509481	0.27857895085886114	0.09411658474827654	0.2220941478739625	0.20816680201873522	0.16185949018857232	0.2844499603058958	0.13166143821477502	0.21336150058273815	0.1549213628259781	0.33221810221509973
Gidoni_2019:S14	0.37668773231761	0.14058724785603774	0.30157897791801996	0.4186737121912662	0.49077751853838075	0.502821995185161	0.49807095277042146	0.49601803243915105	0.503463028719693	1.0	0.49794405731567803	0.4890821239163278	0.5003265869738288	0.49929386828351274	0.4946607159765002	0.4284179442975179	0.49307371136539535	0.4876148700749983	0.5006701794085303	0.49812808779208456	0.5077961315718783	0.4914562237133226	0.49667006923501017	0.48748428430837437	0.4801294701927338	0.5009061218794375	0.4191689120958521	0.4973319366141023	0.49618231512141386	0.5000986258322704	0.4906796238201393	0.502114231033192	0.49128201683335626	0.5004018645385392	0.502396945748232	0.4859037973985461	0.4962567495195392	0.4316827702920989	0.4951405915826109	0.5059352608343025	0.496693081654041	0.5004623457281271	0.4879284275833327	0.49426801331491454	0.47198951555430035	0.49004020148517535	0.4918229056753877	0.4842064923951729	0.49811323550613873	0.48920900081484436	0.4942022854303813	0.4909232831127185	0.47732034440373033	0.48582989930396064	0.5049044276932284	0.5012081107761185	0.4912649085396728	0.489529388207677	0.4958123993961228	0.49439066398063897	0.48948835824595827	0.4824336000364002	0.49523396472005865	0.49781101559518404	0.5048621399363791	0.47930580699281305	0.500642764742043	0.4941410428708366	0.48373104217189666	0.4759124070176348	0.48798221559829996	0.48287320673944834	0.4916799133096558	0.4841785955855126	0.4832595432978551	0.49639813240255753	0.4953526449631258	0.49039142392971885	0.47796467368494366	0.49590747615715663	0.4921111642402839	0.4937727906371697	0.47617242101499635	0.49266332598183776	0.48380837271818	0.48970331153230845	0.49711350126745174	0.49861217856409856	0.48145967817265867	0.48999899316549544	0.49373720746897815	0.4917238210279507	0.4985985065484245	0.49898520603102375	0.43185850991909697	0.49109111596631255	0.4852157659785864	0.48983622310513636	0.46200903627818213	0.49961788880495106	0.4839445420295568	0.24529058836253495	0.23642200748793954	0.23427077638837804	0.23072032925986138	0.08774050888909672	0.18855218271952895	0.10924825446098813	0.37853530414605635	0.39402841817208084	0.39930746347523455	0.37395535680615133	0.36766805333329167	0.3830906701699808	0.35865797593781573	0.38817433554193365	0.40541249632301324	0.3801598168752133	0.4234863805928617	0.35808986284461214	0.3864204592631386	0.28554971716213035	0.2685106974490479	0.3250239066705838	0.2874942295720475	0.3177151258794201	0.3027298388069683	0.3096916577740423	0.2850730284330148	0.27449392339470413	0.2629005352241221	0.27816904394899067	0.3208348541678021	0.28849218346432004	0.31365516122985154	0.29891187162513544	0.2981471321861439	0.33705190512501676	0.3349946226476373	0.38081904696134017	0.42290004183099056	0.34229114616260237	0.44356990244663846	0.26703035876270415	0.23774237207198579	0.10342114825477984	0.21888911135151679	0.20443732191159	0.16392868781151393	0.2800286255554946	0.13794035459273762	0.20884044369369295	0.16232969604664949	0.3015123631525964
Gidoni_2019:S15	0.4027184206877667	0.1441397039049868	0.31884152644570285	0.4158143290575124	0.5026912612877638	0.5032482748597752	0.4973347747146932	0.5020047139091246	0.5087751778717121	0.49794405731567803	1.0	0.48243923410155515	0.4946405190324745	0.48915486349950593	0.4991961746574684	0.43072874462576843	0.4916154368704218	0.4762367304565561	0.5088350642892211	0.50463581537284	0.5076994457527534	0.49728227624063054	0.4892960221044442	0.49620626219414893	0.46567063942541614	0.511345357605341	0.41599633319865287	0.4932136549651691	0.4931211570174331	0.5000400150013635	0.4848952779954077	0.5184012326664365	0.47583243972069555	0.5112938365594791	0.505298222336369	0.48762526725905964	0.49247400238809885	0.4294199530841015	0.49076161008709684	0.5027373569071514	0.49577219199950223	0.493791297910108	0.48666245609943193	0.49055927252011544	0.47805854208348036	0.4867150292806121	0.4947757758316097	0.47207022976314317	0.5064455128171391	0.49194309593263486	0.49873671282189647	0.4991366801073845	0.470545612264738	0.5003555039787978	0.5011330228114479	0.5057024385023958	0.4960831644299804	0.49076304172308927	0.504821353014021	0.495276551875831	0.48568530671434795	0.48003953498668195	0.4954766929398985	0.5037332664673929	0.510855054640943	0.4738676227784132	0.5023188413330709	0.4953941309617199	0.48249767815667605	0.46957942455410456	0.4815876006153623	0.4783250288778225	0.4934751521352097	0.49408318584173405	0.48460424395195556	0.5032686968298254	0.5046993126334925	0.49086373497639446	0.4832182035713482	0.4983958996799686	0.4917072719708269	0.497704475270108	0.4781610443860242	0.4945671631008251	0.49599456283491516	0.5006565713785192	0.49332491375357257	0.5113899205889203	0.49018214873369836	0.5001095052396628	0.5025205130099859	0.4941970244608073	0.49907619715883955	0.5033702404838027	0.4130735490128242	0.4973076182006419	0.4823958386003569	0.505985207424738	0.44574728912976075	0.4941369793956744	0.47333050665075094	0.2794697791832943	0.269582619116686	0.2668104894835406	0.2396468665394667	0.08693900382331791	0.1838776323376567	0.11121730939032219	0.414755118780706	0.42285648418706123	0.4322861391670358	0.4081614996292357	0.4061311070435964	0.4228892826231417	0.40025698948908117	0.42448655306928673	0.43597726408397913	0.41539538393210484	0.44856679274905104	0.39578557789577806	0.4207698060475778	0.3242528317642769	0.3052231827223662	0.366008234107999	0.3207350492149652	0.35704034301018833	0.3394509678594271	0.34595607180633475	0.3227585493456184	0.30869113347663296	0.2967128643234028	0.31355639507047256	0.3591649750910235	0.32527788750050607	0.3502340380626499	0.3365242261446944	0.33292273944632655	0.3768138590275022	0.37487547497506213	0.4186058033713251	0.4579057490749358	0.3812694510946791	0.47125857627650086	0.30338327557866224	0.27089193357802077	0.0935118523917602	0.21124815105339617	0.20101843372595093	0.1586243411258653	0.2760400408646999	0.12468341152186908	0.1994820445840147	0.15118489598010268	0.3138865872171318
Gidoni_2019:S16	0.3713400979636643	0.15000312789410503	0.30725448063696886	0.4326725246060062	0.48230837888536027	0.49363669861563403	0.4936658537226375	0.4882588610269777	0.4893128489677083	0.4890821239163278	0.48243923410155515	1.0	0.4879159748441678	0.49219742293858365	0.4901121890064688	0.4387850883547217	0.4915909216776412	0.4824584186205022	0.4866599976462281	0.48935816338534666	0.4955802264526589	0.4905362202194264	0.48725661257528674	0.48374062732810474	0.4795717371168457	0.48971753149495456	0.4289812424815281	0.49020778547803473	0.49378037301574845	0.49593360525147623	0.47672456578142164	0.4800103269083416	0.48503687305637816	0.4790520743303513	0.49601615249812736	0.49228980576300196	0.49287739018083243	0.44588243398386046	0.4928461480194809	0.4937862830539889	0.4858750481804048	0.49589829347886066	0.483552534887741	0.49044956953251645	0.4653447650722756	0.48467391257763304	0.4947576561823295	0.48598928157712923	0.48842533253715564	0.48707833511164345	0.4862355967636583	0.48827106307308543	0.47928347538053667	0.48174050319051753	0.49532270418373336	0.48831634678829844	0.48406214470873266	0.48195945298755394	0.4919685054328797	0.4911931963165052	0.48927539863937825	0.4867716071043102	0.49172391796960896	0.4888414400252391	0.4944401821595788	0.4843681696390922	0.4927271693502421	0.4881404035777845	0.487653786896157	0.48072081521383436	0.4884345239404235	0.486645706497726	0.4889008232087976	0.4858669586036717	0.4836763246687346	0.48831990764847616	0.4901381454023911	0.48569953975991476	0.47997693425601373	0.48664826161447516	0.4934266384795865	0.4945152588947428	0.48481086532976886	0.49372529254765335	0.4791740046632918	0.48473147189679655	0.4917343296158428	0.49188780484237177	0.4814585354701195	0.4848700451935112	0.4851054532157789	0.4888367920112754	0.48742864422362975	0.4920338212497413	0.43699742733144303	0.48390569135798267	0.4866196541108296	0.4712469225501829	0.4553207145382701	0.489860655254638	0.4782418087655697	0.2274425292584916	0.21816135539255135	0.21597452615354848	0.21218957010059156	0.0883681033319874	0.19125773911549263	0.11427714359929361	0.3623597902880602	0.3817586308545351	0.3870018519859232	0.3643314843980626	0.3498539570044519	0.36089248703378046	0.3366750971500975	0.3691084079464235	0.39057175297581603	0.35909672298703105	0.41120458906310514	0.3389221239298084	0.36992353151931856	0.26764888640234	0.25116097310008006	0.308246487880571	0.267182390973974	0.2994815257853778	0.2846408487669401	0.2905968678262982	0.26637838251356066	0.2555071362604819	0.24380520116942753	0.2638261973177965	0.3072001577799312	0.2685743569445668	0.2939897140506932	0.27828605559101954	0.2777473418053826	0.31163466336160867	0.3108778702469567	0.35723824002175514	0.40341767814837914	0.3131927370582225	0.4158276578752471	0.2503633424584112	0.22185790233412392	0.11092045899280138	0.2156264768130826	0.21244911561568444	0.16804985209157902	0.2926288875406948	0.1475828885655638	0.21628114609859114	0.1723452751776283	0.3051531525703621
