imgt_pos	A	C	D	E	F	G	H	I	K	L	M	N	P	Q	R	S	T	V	W	Y
1	0.0000	0	0.0044	0.3186	0	0.0000	0.0036	0.0000	0.0000	0.0000	0.0000	0	0.0000	0.6732	0.0001	0.0000	0.0000	0.0001	0	0
2	0.0063	0.0000	0.0010	0.0047	0.0009	0.0050	0.0000	0.0236	0.0001	0.0734	0.0099	0.0001	0.0008	0.0003	0.0003	0.0002	0.0003	0.8728	0.0002	0.0000
3	0.0003	0.0000	0.0003	0.0027	0.0001	0.0001	0.0196	0.0001	0.0037	0.0051	0.0001	0.0006	0.0075	0.9134	0.0092	0.0005	0.0357	0.0003	0.0001	0.0008
4	0.0001	0.0000	0.0000	0.0000	0.0009	0.0001	0.0001	0.0006	0.0000	0.9786	0.0035	0.0000	0.0032	0.0007	0.0030	0.0003	0.0001	0.0086	0.0003	0.0000
5	0.0035	0.0000	0.0002	0.0050	0.0008	0.0024	0.0026	0.0007	0.0303	0.0809	0.0030	0.0002	0.0024	0.2710	0.0085	0.0006	0.0009	0.5864	0.0004	0.0000
6	0.0126	0.0000	0.0041	0.6000	0.0000	0.0032	0.0014	0.0000	0.0009	0.0006	0.0000	0.0001	0.0033	0.3696	0.0010	0.0003	0.0002	0.0024	0.0001	0.0001
7	0.0050	0.0011	0.0001	0.0000	0.0014	0.0007	0.0001	0.0000	0.0000	0.0010	0.0000	0.0000	0.0052	0.0001	0.0009	0.9113	0.0039	0.0013	0.0660	0.0019
8	0.0031	0.0016	0.0007	0.0018	0.0000	0.9836	0.0000	0.0000	0.0000	0.0001	0.0000	0.0000	0.0000	0.0000	0.0022	0.0007	0.0000	0.0040	0.0020	0.0000
9	0.3331	0.0002	0.0010	0.0013	0.0001	0.3854	0.0002	0.0001	0.0000	0.0006	0.0000	0.0001	0.2545	0.0007	0.0014	0.0128	0.0055	0.0032	0.0000	0.0000
10	0.0123	0.0006	0.0068	0.1540	0.0003	0.0921	0	0	0.0068	0.0032	0.0006	0.0032	0.0039	0.0091	0.6707	0.0172	0.0094	0.0071	0.0019	0.0006
11	0.0183	0.0012	0.0097	0.2830	0.0000	0.6407	0.0003	0.0001	0.0005	0.0003	0.0001	0.0010	0.0006	0.0008	0.0060	0.0015	0.0230	0.0128	0.0001	0.0001
12	0.0028	0.0001	0.0000	0.0009	0.0025	0.0037	0.0001	0.0007	0.0001	0.6033	0.0049	0.0000	0.0017	0.0012	0.0029	0.0024	0.0002	0.3686	0.0038	0.0000
13	0.0054	0.0001	0.0002	0.0024	0.0019	0.0035	0.0001	0.0149	0.2730	0.0709	0.0020	0.0015	0.0002	0.0043	0.0074	0.0010	0.0054	0.6048	0.0005	0.0004
14	0.0006	0.0000	0.0002	0.0084	0.0000	0.0004	0.0026	0.0002	0.6407	0.0009	0.0019	0.0055	0.0032	0.3030	0.0190	0.0015	0.0117	0.0001	0.0001	0.0001
15	0.0042	0.0000	0.0000	0.0000	0.0002	0.0001	0.0048	0.0001	0.0000	0.0037	0.0000	0.0000	0.9704	0.0005	0.0025	0.0076	0.0054	0.0002	0.0002	0.0001
16	0.0035	0.0002	0.0001	0.0014	0.0001	0.6718	0.0000	0.0000	0.0001	0.0009	0.0000	0.0000	0.0020	0.0001	0.0018	0.2776	0.0357	0.0023	0.0022	0.0001
17	0.1773	0.0002	0.0039	0.2517	0.0001	0.2855	0.0006	0.0000	0.0024	0.0002	0.0006	0.0001	0.0021	0.0799	0.1014	0.0832	0.0060	0.0024	0.0020	0.0003
18	0.0067	0.0012	0.0002	0.0001	0.0011	0.0001	0.0003	0.0006	0.0000	0.0005	0.0000	0.0010	0.0101	0.0001	0.0001	0.6627	0.3123	0.0002	0.0001	0.0025
19	0.0014	0.0001	0.0000	0.0002	0.0003	0.0016	0.0002	0.0007	0.0000	0.7245	0.0048	0.0000	0.0031	0.0007	0.0055	0.0003	0.0001	0.2563	0.0003	0.0000
20	0.0017	0.0004	0.0001	0.0012	0.0008	0.0036	0.0002	0.0022	0.2648	0.0004	0.0014	0.0028	0.0028	0.0046	0.3736	0.2889	0.0491	0.0003	0.0001	0.0010
21	0.0015	0.0002	0.0004	0.0000	0.0024	0.0013	0.0012	0.0422	0.0000	0.6819	0.0003	0.0001	0.0102	0.0001	0.0061	0.0008	0.0008	0.2505	0.0000	0.0000
22	0.0086	0.0014	0.0002	0.0000	0.0015	0.0001	0.0008	0.0032	0.0002	0.0006	0.0003	0.0016	0.0201	0.0000	0.0004	0.6542	0.3024	0.0002	0.0000	0.0041
23	0.0002	0.9730	0.0000	0.0000	0.0040	0.0073	0.0000	0.0000	0.0000	0.0007	0.0000	0.0000	0.0001	0.0000	0.0041	0.0035	0.0000	0.0006	0.0053	0.0012
24	0.4284	0.0001	0.0027	0.0114	0.0003	0.0055	0.0005	0.0029	0.2649	0.0012	0.0013	0.0041	0.0117	0.0088	0.0070	0.0257	0.2076	0.0157	0.0001	0.0001
25	0.5931	0.0006	0.0036	0.0004	0.0300	0.0388	0.0002	0.0099	0.0000	0.0028	0.0002	0.0001	0.0047	0.0001	0.0002	0.0056	0.0160	0.2934	0.0001	0.0002
26	0.0112	0.0016	0.0013	0.0001	0.0047	0.0001	0.0020	0.0002	0.0000	0.0012	0.0000	0.0006	0.0202	0.0002	0.0002	0.8871	0.0033	0.0004	0.0001	0.0653
27	0.0072	0.0016	0.0039	0.0048	0.0001	0.9636	0.0002	0.0001	0.0004	0.0002	0.0000	0.0011	0.0002	0.0003	0.0051	0.0024	0.0007	0.0074	0.0005	0.0002
28	0.0105	0.0076	0.0263	0.0018	0.3998	0.2995	0.0022	0.0028	0.0002	0.0120	0.0001	0.0018	0.0005	0.0001	0.0020	0.0112	0.0008	0.0106	0.0010	0.2092
29	0.0100	0.0004	0.0020	0.0001	0.0024	0.0016	0.0016	0.0143	0.0015	0.0016	0.0015	0.0100	0.0429	0.0002	0.0057	0.3536	0.5479	0.0012	0.0001	0.0017
30	0.0009	0.0050	0.0002	0.0000	0.6752	0.0007	0.0003	0.1805	0.0000	0.0732	0.0038	0.0004	0.0016	0.0000	0.0007	0.0074	0.0023	0.0461	0.0001	0.0015
31	0.0037	0.0017	0.0053	0.0005	0.0022	0.0117	0.0018	0.0110	0.0026	0.0014	0.0005	0.0338	0.0059	0.0002	0.0464	0.8135	0.0551	0.0009	0.0001	0.0015
32	0.0245	0.0025	0.0569	0.0061	0.0580	0.0943	0.0068	0.0256	0.0072	0.0140	0.0176	0.0537	0.0382	0.0004	0.0281	0.3363	0.1930	0.0227	0.0018	0.0122
33	0.0202	0	0.0349	0.0157	0.0292	0.0371	0.0202	0.0326	0.0281	0.0146	0.0326	0.0236	0.0371	0.0034	0.0776	0.3150	0.1912	0.0326	0.0022	0.0517
34	0.0049	0.0014	0.0064	0.0005	0.0034	0.0159	0.0020	0.0075	0.0016	0.0015	0.0006	0.0549	0.0052	0.0002	0.0410	0.6637	0.1867	0.0015	0.0002	0.0011
35	0.0131	0.0021	0.0305	0.0019	0.0008	0.0675	0.0023	0.0109	0.0034	0.0014	0.0008	0.0329	0.0079	0.0003	0.0393	0.5835	0.1961	0.0033	0.0002	0.0018
36	0.0143	0.0026	0.0861	0.0120	0.0013	0.1758	0.0052	0.0068	0.0062	0.0018	0.0006	0.0718	0.0038	0.0009	0.0366	0.5210	0.0445	0.0037	0.0002	0.0050
37	0.0284	0.0034	0.0116	0.0015	0.0265	0.0010	0.0309	0.0010	0.0014	0.0127	0.0123	0.0365	0.0019	0.0015	0.0014	0.0366	0.0030	0.0228	0.0005	0.7652
38	0.2351	0.0083	0.0318	0.0097	0.0127	0.1402	0.0082	0.0013	0.0004	0.0019	0.0001	0.0046	0.0051	0.0008	0.0048	0.0779	0.0168	0.0061	0.1057	0.3285
39	0.0003	0.0029	0.0000	0.0001	0.0061	0.0026	0.0002	0.2001	0.0005	0.0303	0.4199	0.0007	0.0002	0.0001	0.0067	0.0024	0.0037	0.0490	0.2736	0.0005
40	0.0129	0.0028	0.0062	0.0003	0.0006	0.1300	0.2176	0.0049	0.0010	0.0014	0.0004	0.1190	0.0102	0.0056	0.0171	0.4253	0.0380	0.0026	0.0000	0.0041
41	0.0001	0.0054	0.0000	0.0000	0.0001	0.0089	0.0000	0.0000	0.0000	0.0044	0.0000	0.0000	0.0000	0.0000	0.0051	0.0012	0.0000	0.0004	0.9740	0.0001
42	0.0045	0.0005	0.0005	0.0003	0.0132	0.0070	0.0002	0.2926	0.0000	0.0171	0.0026	0.0011	0.0003	0.0000	0.0003	0.0026	0.0028	0.6539	0.0002	0.0002
43	0.0003	0.0013	0.0001	0.0000	0.0000	0.0031	0.0012	0.0000	0.0001	0.0027	0.0000	0.0000	0.0030	0.0022	0.9824	0.0030	0.0001	0.0001	0.0002	0.0000
44	0.0002	0.0000	0.0000	0.0013	0.0000	0.0001	0.0060	0.0000	0.0049	0.0043	0.0001	0.0001	0.0160	0.9578	0.0079	0.0002	0.0009	0.0000	0.0001	0.0001
45	0.6164	0.0001	0.0034	0.0002	0.0007	0.0054	0.0192	0.0009	0.0004	0.0022	0.0301	0.0002	0.2678	0.0003	0.0021	0.0283	0.0111	0.0108	0.0000	0.0004
46	0.0243	0.0000	0.0001	0.0000	0.0000	0.0001	0.0017	0.0001	0.0001	0.0015	0.0000	0.0001	0.9288	0.0040	0.0044	0.0077	0.0267	0.0002	0.0000	0.0000
47	0.0020	0.0002	0.0010	0.0043	0.0000	0.9760	0.0001	0.0000	0.0001	0.0001	0.0000	0.0001	0.0001	0.0003	0.0037	0.0080	0.0003	0.0025	0.0012	0.0000
48	0.0003	0.0000	0.0001	0.0082	0.0000	0.0018	0.0037	0.0001	0.6992	0.0006	0.0018	0.0030	0.0020	0.2491	0.0212	0.0004	0.0084	0.0001	0.0001	0.0000
49	0.0381	0.0005	0.0008	0.0022	0.0000	0.9304	0.0000	0.0000	0.0002	0.0000	0.0000	0.0001	0.0006	0.0001	0.0196	0.0015	0.0007	0.0031	0.0019	0.0000
50	0.0007	0.0001	0.0000	0.0000	0.0024	0.0004	0.0003	0.0011	0.0000	0.9612	0.0038	0.0000	0.0135	0.0006	0.0103	0.0002	0.0002	0.0048	0.0004	0.0000
51	0.0113	0.0000	0.0078	0.9243	0.0000	0.0276	0.0001	0.0001	0.0016	0.0005	0.0007	0.0001	0.0001	0.0065	0.0003	0.0003	0.0002	0.0177	0.0006	0.0001
52	0.0001	0.0078	0.0001	0.0001	0.0011	0.0169	0.0001	0.0000	0.0000	0.0072	0.0001	0.0000	0.0000	0.0000	0.0028	0.0016	0.0000	0.0016	0.9536	0.0068
53	0.0011	0.0005	0.0004	0.0002	0.0044	0.0066	0.0001	0.2706	0.0006	0.0627	0.2713	0.0005	0.0002	0.0001	0.0030	0.0025	0.0014	0.3736	0.0002	0.0000
54	0.1584	0.0007	0.0005	0.0021	0.0001	0.5988	0.0000	0.0000	0.0000	0.0008	0.0000	0.0000	0.0012	0.0001	0.0012	0.2282	0.0024	0.0033	0.0018	0.0002
55	0.0716	0.0035	0.0050	0.0774	0.0197	0.1084	0.0128	0.0482	0.0025	0.0367	0.0021	0.0292	0.0009	0.0033	0.1113	0.1132	0.0142	0.0933	0.1282	0.1185
56	0.0013	0.0004	0.0002	0.0001	0.0166	0.0009	0.0002	0.8692	0.0008	0.0143	0.0330	0.0028	0.0002	0.0001	0.0024	0.0119	0.0162	0.0290	0.0001	0.0004
57	0.0028	0.0017	0.0338	0.0015	0.0171	0.0102	0.0164	0.0777	0.0459	0.0034	0.0010	0.1866	0.0011	0.0020	0.0287	0.2833	0.0135	0.0055	0.0249	0.2429
58	0.0552	0.0020	0.0101	0.0044	0.0071	0.0850	0.0984	0.0030	0.0025	0.0037	0.0005	0.0121	0.2222	0.0213	0.0093	0.1500	0.0380	0.0077	0.0554	0.2121
59	0.0083	0.0015	0.1563	0.0157	0.0028	0.0748	0.0042	0.0733	0.0399	0.0040	0.0035	0.1131	0.0014	0.0012	0.0268	0.3986	0.0212	0.0053	0.0005	0.0477
60	0.2877	0.0007	0.0120	0.0023	0.0036	0.0301	0.0017	0.0164	0.0029	0.0040	0.0006	0.0096	0.0196	0.0005	0.0088	0.2056	0.3739	0.0152	0.0003	0.0046
61	0.0104	0.0007	0.5170	0.0281	0.0060	0.0109	0.0137	0.0009	0.0088	0.0018	0.0003	0.1664	0.0004	0.0033	0.0047	0.0167	0.0043	0.0028	0.0001	0.2027
62	0.0065	0.0030	0.0718	0.0057	0.0882	0.4272	0.0019	0.0033	0.0128	0.0286	0.0004	0.0942	0.0009	0.0006	0.0086	0.2174	0.0199	0.0060	0.0005	0.0024
63	0.0086	0.0023	0.0496	0.0065	0.0010	0.6600	0.0015	0.0031	0.0015	0.0012	0.0003	0.0096	0.0009	0.0005	0.0111	0.2049	0.0120	0.0065	0.0103	0.0086
64	0.0169	0.0010	0.0767	0.0432	0.0029	0.0512	0.0055	0.0250	0.0140	0.0022	0.0010	0.1700	0.0022	0.0026	0.0204	0.3536	0.1481	0.0066	0.0003	0.0566
65	0.0820	0.0000	0.0008	0.0054	0.0004	0.0015	0.0007	0.0981	0.1312	0.0022	0.0019	0.0103	0.0193	0.0033	0.0078	0.0105	0.6178	0.0056	0.0000	0.0009
66	0.0084	0.0012	0.0463	0.0141	0.0153	0.0450	0.0182	0.0146	0.0302	0.0028	0.0010	0.3054	0.0012	0.0035	0.0513	0.0445	0.0207	0.0036	0.0008	0.3721
67	0.0005	0.0030	0.0112	0.0006	0.0103	0.0001	0.0098	0.0011	0.0004	0.0021	0.0000	0.0044	0.0006	0.0008	0.0004	0.0143	0.0010	0.0008	0.0001	0.9385
68	0.5752	0.0002	0.0020	0.0058	0.0001	0.0089	0.0046	0.0021	0.0035	0.0020	0.0005	0.2511	0.0063	0.0006	0.0035	0.0906	0.0136	0.0287	0.0000	0.0005
69	0.0419	0.0001	0.3274	0.0128	0.0002	0.0068	0.0028	0.0003	0.0033	0.0024	0.0001	0.0028	0.3270	0.2398	0.0045	0.0043	0.0143	0.0078	0.0001	0.0012
70	0.0153	0.0007	0.0013	0.0021	0.0029	0.0056	0.0007	0.0005	0.2252	0.0005	0.0008	0.0099	0.0276	0.0019	0.0081	0.6873	0.0062	0.0005	0.0000	0.0028
71	0.0020	0.0038	0.0000	0.0004	0.2417	0.0047	0.0009	0.0025	0.0000	0.3440	0.0024	0.0000	0.0028	0.0001	0.0043	0.0012	0.0002	0.3876	0.0003	0.0010
72	0.0017	0.0000	0.0005	0.0156	0.0000	0.0014	0.0025	0.0003	0.6422	0.0016	0.0023	0.0060	0.0013	0.2796	0.0322	0.0013	0.0103	0.0004	0.0004	0.0002
73	0.0117	0.0013	0.0078	0.2289	0.0013	0.1391	0.0065	0.0039	0.2575	0.0130	0.0195	0.0312	0.0091	0.0429	0.1053	0.0273	0.0429	0.0091	0.0403	0.0013
74	0.0021	0.0043	0.0132	0.0030	0.0001	0.6624	0.0004	0.0015	0.0002	0.0001	0.0002	0.0041	0.0003	0.0001	0.0083	0.2876	0.0091	0.0029	0.0001	0.0001
75	0.0001	0.0001	0.0000	0.0001	0.0000	0.0027	0.0069	0.0007	0.0014	0.0034	0.0003	0.0002	0.0012	0.0270	0.9481	0.0018	0.0006	0.0002	0.0050	0.0000
76	0.0057	0.0020	0.0007	0.0000	0.3846	0.0051	0.0001	0.0174	0.0000	0.0555	0.0004	0.0000	0.0004	0.0000	0.0004	0.0012	0.0004	0.5254	0.0000	0.0005
77	0.0098	0.0000	0.0004	0.0000	0.0009	0.0003	0.0005	0.0119	0.0007	0.0007	0.0005	0.0043	0.0043	0.0001	0.0011	0.0222	0.9349	0.0071	0.0000	0.0002
78	0.0004	0.0002	0.0000	0.0000	0.0098	0.0002	0.0001	0.7683	0.0005	0.0186	0.1662	0.0011	0.0001	0.0001	0.0033	0.0050	0.0044	0.0213	0.0001	0.0001
79	0.0110	0.0003	0.0004	0.0001	0.0025	0.0002	0.0002	0.0017	0.0003	0.0023	0.0001	0.0084	0.0035	0.0001	0.0003	0.6974	0.2688	0.0005	0.0001	0.0018
80	0.1175	0.0001	0.0004	0.0117	0.0004	0.0062	0.0001	0.0136	0.0372	0.0225	0.0039	0.0003	0.0078	0.0007	0.4834	0.0061	0.0537	0.2332	0.0010	0.0000
81	0.0042	0.0001	0.9491	0.0132	0.0000	0.0034	0.0024	0.0001	0.0003	0.0001	0.0000	0.0216	0.0000	0.0002	0.0001	0.0007	0.0004	0.0015	0.0000	0.0026
82	0.0065	0.0000	0.0415	0.0507	0.0001	0.0010	0.0009	0.0035	0.0767	0.0007	0.0073	0.3326	0.0051	0.0009	0.0108	0.0076	0.4521	0.0011	0.0001	0.0006
83	0.1570	0.0005	0.0015	0.0001	0.0038	0.0016	0.0003	0.0004	0.0000	0.0011	0.0000	0.0003	0.0078	0.0001	0.0003	0.8141	0.0062	0.0017	0.0002	0.0030
84	0.0160	0.0000	0.0009	0.0087	0.0003	0.0011	0.0004	0.0920	0.6505	0.0017	0.0033	0.0122	0.0007	0.0067	0.0193	0.0038	0.1744	0.0075	0.0001	0.0002
85	0.0020	0.0002	0.0200	0.0009	0.0001	0.0056	0.0025	0.0021	0.0137	0.0001	0.0003	0.6577	0.0002	0.0005	0.0086	0.2640	0.0198	0.0002	0.0000	0.0013
86	0.0049	0.0000	0.0002	0.0028	0.0005	0.0001	0.0080	0.0112	0.0032	0.0035	0.0046	0.0007	0.0037	0.2991	0.0040	0.1386	0.5129	0.0012	0.0001	0.0004
87	0.2623	0.0031	0.0009	0.0001	0.2632	0.0025	0.0002	0.0045	0.0000	0.3548	0.0033	0.0000	0.0006	0.0004	0.0018	0.0028	0.0028	0.0957	0.0002	0.0008
88	0.0038	0.0013	0.0053	0.0002	0.0257	0.0002	0.0061	0.0007	0.0001	0.0010	0.0000	0.0018	0.0014	0.0002	0.0001	0.2796	0.0012	0.0352	0.0003	0.6357
89	0.0001	0.0000	0.0000	0.0000	0.0005	0.0000	0.0001	0.0016	0.0002	0.7389	0.2441	0.0000	0.0014	0.0005	0.0078	0.0002	0.0003	0.0041	0.0002	0.0000
90	0.0014	0.0000	0.0098	0.2490	0.0001	0.0039	0.0067	0.0016	0.2287	0.0012	0.0012	0.0136	0.0005	0.4171	0.0216	0.0028	0.0390	0.0010	0.0003	0.0005
91	0.0001	0.0001	0.0000	0.0001	0.0006	0.0005	0.0000	0.0110	0.0003	0.5158	0.4128	0.0001	0.0008	0.0003	0.0066	0.0002	0.0006	0.0169	0.0332	0.0000
92	0.0025	0.0006	0.0120	0.0008	0.0005	0.0100	0.0034	0.0037	0.0070	0.0004	0.0006	0.3772	0.0007	0.0003	0.0683	0.4324	0.0773	0.0005	0.0003	0.0015
93	0.0049	0.0008	0.0030	0.0001	0.0018	0.0137	0.0004	0.0013	0.0006	0.0004	0.0002	0.0462	0.0014	0.0001	0.0449	0.8728	0.0054	0.0003	0.0003	0.0014
94	0.0028	0.0001	0.0000	0.0002	0.0001	0.0030	0.0000	0.0005	0.0000	0.6737	0.0381	0.0000	0.0015	0.0004	0.0042	0.0001	0.0003	0.2746	0.0003	0.0000
95	0.0026	0.0000	0.0348	0.0022	0.0000	0.0086	0.0002	0.0032	0.0783	0.0002	0.0004	0.0019	0.0011	0.0016	0.5562	0.0081	0.3001	0.0004	0.0001	0.0001
96	0.5993	0.0003	0.0126	0.0005	0.0040	0.0052	0.0005	0.0027	0.0001	0.0016	0.0001	0.0005	0.0569	0.0001	0.0007	0.2450	0.0434	0.0245	0.0000	0.0021
97	0.2731	0.0000	0.1215	0.5218	0.0000	0.0079	0.0002	0.0001	0.0006	0.0006	0.0005	0.0007	0.0005	0.0007	0.0002	0.0344	0.0026	0.0344	0.0001	0.0003
98	0.0017	0.0000	0.9857	0.0069	0.0000	0.0020	0.0004	0.0000	0.0000	0.0000	0.0000	0.0008	0.0000	0.0000	0.0000	0.0001	0.0000	0.0006	0.0000	0.0017
99	0.0070	0.0000	0.0000	0.0000	0.0000	0.0002	0.0001	0.0002	0.0010	0.0001	0.0044	0.0002	0.0021	0.0001	0.0010	0.0097	0.9740	0.0001	0.0000	0.0000
100	0.9791	0.0001	0.0015	0.0000	0.0000	0.0130	0.0000	0.0000	0.0000	0.0000	0.0000	0.0000	0.0003	0.0000	0.0001	0.0029	0.0016	0.0013	0.0000	0.0000
101	0.0022	0.0001	0.0002	0.0008	0.0046	0.0037	0.0002	0.0306	0.0007	0.0471	0.0433	0.0001	0.0001	0.0001	0.0011	0.0004	0.0415	0.8229	0.0002	0.0001
102	0.0000	0.0007	0.0038	0.0002	0.0052	0.0000	0.0011	0.0001	0.0000	0.0002	0.0000	0.0004	0.0000	0.0000	0.0000	0.0004	0.0000	0.0001	0.0000	0.9877
103	0.0000	0.0015	0.0032	0.0000	0.0387	0.0000	0.0052	0.0001	0.0001	0.0004	0.0000	0.0003	0.0000	0.0001	0.0001	0.0025	0.0001	0.0002	0.0003	0.9469
104	0.0001	0.9851	0.0000	0.0000	0.0011	0.0048	0.0000	0.0000	0.0000	0.0002	0.0000	0.0000	0.0000	0.0000	0.0010	0.0007	0.0000	0.0003	0.0059	0.0007
105	0.9052	0.0005	0.0002	0.0015	0.0003	0.0070	0.0005	0.0011	0.0002	0.0014	0.0009	0.0005	0.0003	0.0002	0.0009	0.0063	0.0411	0.0314	0.0003	0.0004
106	0.0097	0.0012	0.0008	0.0016	0.0010	0.0178	0.0202	0.0074	0.1316	0.0057	0.0018	0.0063	0.0021	0.0024	0.6791	0.0503	0.0537	0.0046	0.0008	0.0018
107	0.0718	0.0045	0.2388	0.0860	0.0105	0.1919	0.0338	0.0190	0.0083	0.0417	0.0073	0.0121	0.0232	0.0215	0.0498	0.0557	0.0279	0.0724	0.0087	0.0150
108	0.0527	0.0060	0.0424	0.0328	0.0239	0.1558	0.0235	0.0355	0.0243	0.0821	0.0133	0.0240	0.0858	0.0294	0.1221	0.0850	0.0421	0.0519	0.0197	0.0477
109	0.0590	0.0140	0.0579	0.0333	0.0223	0.1725	0.0176	0.0361	0.0164	0.0542	0.0120	0.0240	0.0534	0.0197	0.0812	0.0998	0.0516	0.0615	0.0244	0.0892
110	0.0646	0.0148	0.0673	0.0289	0.0249	0.1545	0.0133	0.0381	0.0114	0.0467	0.0123	0.0230	0.0428	0.0187	0.0574	0.1218	0.0523	0.0650	0.0270	0.1153
111	0.0692	0.0201	0.0648	0.0211	0.0296	0.1486	0.0107	0.0389	0.0085	0.0443	0.0137	0.0220	0.0282	0.0152	0.0444	0.1409	0.0548	0.0670	0.0319	0.1262
111A	0.0704	0.0197	0.0711	0.0198	0.0323	0.1452	0.0094	0.0328	0.0072	0.0454	0.0127	0.0212	0.0279	0.0126	0.0389	0.1509	0.0584	0.0721	0.0407	0.1113
111B	0.0576	0.0192	0.0631	0.0187	0.0376	0.1480	0.0077	0.0322	0.0068	0.0416	0.0111	0.0217	0.0313	0.0116	0.0384	0.1745	0.0600	0.0769	0.0440	0.0979
111C	0.0533	0.0297	0.0548	0.0172	0.0354	0.1687	0.0079	0.0300	0.0076	0.0427	0.0097	0.0181	0.0322	0.0088	0.0357	0.1817	0.0621	0.0685	0.0477	0.0881
111D	0.0521	0.0392	0.0448	0.0192	0.0300	0.1637	0.0068	0.0291	0.0078	0.0399	0.0084	0.0161	0.0457	0.0097	0.0329	0.1841	0.0611	0.0674	0.0415	0.1006
111E	0.0575	0.0590	0.0374	0.0163	0.0292	0.1501	0.0091	0.0314	0.0078	0.0429	0.0069	0.0176	0.0437	0.0099	0.0357	0.1635	0.0509	0.0757	0.0385	0.1171
111F	0.0592	0.0543	0.0357	0.0208	0.0272	0.1341	0.0090	0.0299	0.0120	0.0460	0.0069	0.0143	0.0475	0.0106	0.0453	0.1544	0.0534	0.0553	0.0319	0.1522
111G	0.0460	0.0550	0.0386	0.0229	0.0260	0.1280	0.0115	0.0315	0.0148	0.0464	0.0124	0.0178	0.0588	0.0130	0.0507	0.1501	0.0473	0.0509	0.0304	0.1479
111H	0.0466	0.0438	0.0534	0.0135	0.0758	0.1412	0.0114	0.0288	0.0199	0.0377	0.0082	0.0203	0.0822	0.0103	0.0484	0.1185	0.0566	0.0573	0.0217	0.1046
111I	0.0445	0.0395	0.2267	0.0213	0.0273	0.0951	0.0121	0.0202	0.0324	0.0425	0.0061	0.0162	0.0577	0.0081	0.0729	0.0820	0.0476	0.0435	0.0192	0.0850
111J	0.0359	0.0179	0.0154	0.0487	0.0256	0.0744	0.0103	0.0077	0.0051	0.0205	0.0051	0.0256	0.0487	0.0205	0.3949	0.0538	0.0282	0.0333	0.0308	0.0974
112K	0.0231	0	0.0846	0.0538	0.0154	0.2231	0	0	0.0692	0.0308	0.0154	0.0154	0.0538	0.0231	0.0615	0.0923	0.1077	0.0538	0.0077	0.0692
112J	0.0296	0.0132	0.0214	0.0230	0.0362	0.1036	0.0132	0.0362	0.0214	0.0625	0.0049	0.0115	0.0510	0.0280	0.0691	0.0855	0.0230	0.2385	0.0378	0.0905
112I	0.0534	0.0212	0.0296	0.0244	0.0283	0.1068	0.0186	0.0244	0.0148	0.0617	0.0913	0.0341	0.0643	0.0251	0.0630	0.1100	0.0605	0.0637	0.0283	0.0765
112H	0.0607	0.0385	0.0383	0.0214	0.0311	0.1272	0.0149	0.0277	0.0136	0.0462	0.0116	0.0539	0.0711	0.0177	0.0660	0.1224	0.0525	0.0568	0.0295	0.0989
112G	0.0522	0.0335	0.0299	0.0219	0.0248	0.1364	0.0107	0.0308	0.0188	0.0539	0.0078	0.0204	0.0777	0.0227	0.0549	0.1288	0.0497	0.0597	0.0317	0.1335
112F	0.0551	0.0400	0.0316	0.0237	0.0233	0.1261	0.0118	0.0318	0.0184	0.0483	0.0092	0.0188	0.0698	0.0148	0.0597	0.1342	0.0560	0.0581	0.0280	0.1412
112E	0.0601	0.0383	0.0326	0.0261	0.0276	0.1420	0.0124	0.0305	0.0185	0.0440	0.0105	0.0178	0.0741	0.0168	0.0593	0.1355	0.0550	0.0507	0.0285	0.1196
112D	0.0522	0.0288	0.0444	0.0235	0.0256	0.1589	0.0162	0.0276	0.0140	0.0456	0.0078	0.0259	0.0596	0.0141	0.0532	0.1397	0.0564	0.0558	0.0285	0.1223
112C	0.0568	0.0269	0.0498	0.0212	0.0239	0.1440	0.0163	0.0267	0.0120	0.0434	0.0069	0.0277	0.0510	0.0118	0.0484	0.1387	0.0551	0.0537	0.0292	0.1566
112B	0.0532	0.0252	0.0486	0.0203	0.0226	0.1382	0.0162	0.0234	0.0113	0.0409	0.0073	0.0247	0.0443	0.0123	0.0445	0.1178	0.0500	0.0481	0.0301	0.2210
112A	0.0571	0.0158	0.0396	0.0218	0.0241	0.1347	0.0152	0.0219	0.0121	0.0424	0.0076	0.0231	0.0506	0.0140	0.0506	0.1116	0.0551	0.0473	0.0319	0.2233
112	0.0530	0.0123	0.0432	0.0263	0.0244	0.1285	0.0227	0.0200	0.0134	0.0536	0.0083	0.0307	0.0551	0.0150	0.0480	0.1033	0.0519	0.0400	0.0326	0.2180
113	0.0404	0.0103	0.0931	0.0229	0.0202	0.1557	0.0210	0.0105	0.0098	0.0292	0.0051	0.0684	0.0284	0.0094	0.0440	0.0752	0.0354	0.0244	0.0471	0.2494
114	0.1499	0.0091	0.0242	0.0145	0.0208	0.1979	0.0188	0.0114	0.0052	0.0295	0.0035	0.0160	0.0574	0.0076	0.0220	0.0466	0.0289	0.0248	0.1006	0.2113
115	0.0128	0.0053	0.0066	0.0063	0.5250	0.0273	0.0049	0.0290	0.0019	0.0804	0.1636	0.0068	0.0233	0.0030	0.0068	0.0213	0.0108	0.0276	0.0090	0.0283
116	0.0119	0.0008	0.8441	0.0149	0.0037	0.0353	0.0074	0.0028	0.0017	0.0059	0.0007	0.0106	0.0058	0.0145	0.0057	0.0099	0.0055	0.0087	0.0021	0.0081
117	0.0045	0.0039	0.0124	0.0014	0.0217	0.0046	0.0272	0.1148	0.0011	0.0400	0.0023	0.0103	0.1114	0.0026	0.0032	0.0301	0.0059	0.1863	0.0010	0.4153
118	0.0002	0.0015	0.0000	0.0001	0.0005	0.0030	0.0000	0.0001	0.0000	0.0022	0.0001	0.0000	0.0002	0.0001	0.0017	0.0005	0.0002	0.0009	0.9886	0.0001
119	0.0015	0.0017	0.0017	0.0000	0.0000	0.9909	0.0000	0.0000	0.0000	0.0000	0.0000	0.0001	0.0001	0.0000	0.0003	0.0025	0.0001	0.0010	0.0000	0.0000
120	0.0001	0.0000	0.0001	0.0014	0.0000	0.0002	0.0046	0.0001	0.0369	0.0040	0.0000	0.0005	0.0089	0.9002	0.0423	0.0001	0.0005	0.0000	0.0000	0.0000
121	0.0003	0.0001	0.0001	0.0008	0.0000	0.9962	0.0000	0.0000	0.0000	0.0000	0.0000	0.0000	0.0000	0.0000	0.0010	0.0001	0.0000	0.0013	0.0002	0.0000
122	0.0145	0.0000	0.0001	0.0000	0.0001	0.0001	0.0001	0.0132	0.0006	0.0005	0.0007	0.0019	0.0015	0.0001	0.0005	0.0083	0.9559	0.0019	0.0000	0.0000
123	0.0025	0.0000	0.0000	0.0002	0.0002	0.0001	0.0003	0.0006	0.0018	0.6723	0.1187	0.0001	0.0077	0.0071	0.0060	0.0017	0.1750	0.0055	0.0002	0.0000
124	0.0021	0.0000	0.0004	0.0000	0.0008	0.0022	0.0000	0.0048	0	0.0028	0.0000	0.0000	0.0000	0	0.0000	0.0001	0.0000	0.9867	0.0000	0.0000
125	0.0066	0.0000	0.0001	0.0000	0.0002	0.0001	0.0005	0.0150	0.0001	0.0003	0.0001	0.0016	0.0014	0.0000	0.0002	0.0105	0.9620	0.0012	0	0.0000
126	0.0025	0.0000	0.0004	0.0000	0.0007	0.0017	0.0000	0.0028	0.0000	0.0004	0.0000	0.0000	0.0000	0	0.0006	0.0003	0.0000	0.9904	0	0.0000
127	0.0044	0.0003	0.0001	0	0.0017	0.0000	0.0001	0.0000	0	0.0013	0	0.0000	0.0024	0	0.0000	0.9864	0.0017	0.0001	0	0.0016
128	0.0050	0.0000	0	0	0.0001	0	0.0000	0.0000	0	0.0010	0	0	0.0061	0.0004	0.0000	0.9859	0.0014	0.0000	0	0
