imgt_pos	A	C	D	E	F	G	H	I	K	L	M	N	P	Q	R	S	T	V	W	Y
1	0.0320	0	0.5967	0.3652	0	0	0	0.0000	0	0.0000	0	0.0000	0	0	0	0.0000	0	0.0060	0	0
2	0.0007	0.0001	0.0002	0.0000	0.0038	0.0004	0.0003	0.9060	0.0004	0.0250	0.0060	0.0030	0.0002	0.0000	0.0012	0.0079	0.0107	0.0340	0	0.0001
3	0.0050	0.0001	0.0002	0.0042	0.0003	0.0034	0.0055	0.0006	0.0045	0.0083	0.0020	0.0001	0.0040	0.3897	0.0183	0.0002	0.0015	0.5454	0.0066	0.0001
4	0.0000	0.0001	0.0000	0.0000	0.0090	0.0000	0.0000	0.0163	0.0008	0.3217	0.6359	0.0001	0.0002	0.0001	0.0031	0.0020	0.0030	0.0064	0.0011	0.0000
5	0.0030	0.0000	0.0001	0.0000	0.0000	0.0000	0.0004	0.0031	0.0015	0.0002	0.0012	0.0044	0.0171	0.0002	0.0007	0.0052	0.9625	0.0001	0.0000	0.0000
6	0.0001	0.0000	0.0001	0.0016	0.0000	0.0000	0.0146	0.0000	0.0071	0.0024	0.0001	0.0002	0.0201	0.9504	0.0022	0.0003	0.0007	0.0000	0.0000	0.0001
7	0.0053	0.0010	0.0001	0.0000	0.0045	0.0000	0.0004	0.0001	0.0000	0.0005	0.0000	0.0001	0.0117	0.0000	0.0000	0.9461	0.0236	0.0001	0.0000	0.0062
8	0.0017	0.0000	0.0000	0.0000	0.0000	0.0000	0.0008	0.0000	0.0000	0.0043	0.0000	0.0000	0.9768	0.0057	0.0015	0.0029	0.0062	0.0000	0	0
9	0.2311	0.0011	0.0887	0.0015	0.0024	0.1329	0.0010	0.0004	0.0000	0.0992	0.0001	0.0002	0.0069	0.0001	0.0015	0.4223	0.0021	0.0063	0.0000	0.0022
10	0.0058	0.0007	0.0001	0.0000	0.0294	0.0000	0.0003	0.0028	0.0000	0.0075	0.0000	0.0015	0.0126	0.0000	0.0001	0.4888	0.4471	0.0003	0.0000	0.0028
11	0.0003	0.0001	0.0000	0.0000	0.0104	0.0001	0.0001	0.0003	0.0000	0.9389	0.0074	0	0.0037	0.0054	0.0041	0.0031	0.0001	0.0258	0.0001	0.0000
12	0.0858	0.0005	0.0005	0.0000	0.0014	0.0002	0.0013	0.0000	0.0000	0.0012	0	0.0000	0.0900	0.0000	0.0004	0.8118	0.0036	0.0007	0.0000	0.0025
13	0.4290	0.0001	0.0002	0.0014	0.0029	0.0024	0.0000	0.0006	0.0000	0.2605	0.0010	0	0.0010	0.0000	0.0001	0.0038	0.0015	0.2936	0.0018	0.0000
14	0.0054	0.0007	0.0001	0.0000	0.0037	0.0000	0.0001	0.0007	0.0000	0.0003	0.0000	0.0004	0.0059	0.0000	0.0000	0.8731	0.1065	0.0001	0.0000	0.0029
15	0.0033	0.0000	0.0000	0.0007	0.0002	0.0014	0.0005	0.0052	0.0001	0.1142	0.0006	0.0000	0.4460	0.0028	0.0014	0.0015	0.0249	0.3972	0.0000	0.0000
16	0.0028	0.0010	0.0003	0.0018	0.0000	0.9787	0.0000	0.0000	0.0041	0.0000	0.0000	0.0001	0.0000	0.0001	0.0044	0.0003	0.0001	0.0051	0.0010	0.0000
17	0.0125	0.0000	0.4323	0.5012	0.0000	0.0044	0.0011	0.0000	0.0014	0.0001	0.0000	0.0010	0.0004	0.0410	0.0003	0.0003	0.0002	0.0022	0.0000	0.0015
18	0.0008	0.0001	0.0000	0.0002	0.0000	0.0060	0.0000	0.0023	0.0082	0.0004	0.0006	0.0002	0.0993	0.0011	0.8547	0.0172	0.0083	0.0001	0.0004	0.0000
19	0.5473	0.0001	0.0031	0.0000	0.0012	0.0027	0.0001	0.0027	0.0000	0.0015	0.0000	0.0000	0.0017	0	0.0000	0.0024	0.0018	0.4354	0	0.0000
20	0.0040	0.0003	0.0001	0.0000	0.0002	0.0000	0.0004	0.0049	0.0001	0.0001	0.0001	0.0059	0.0088	0.0000	0.0001	0.1059	0.8682	0.0003	0	0.0005
21	0.0001	0.0000	0.0000	0	0.0032	0.0000	0.0009	0.6090	0.0000	0.3675	0.0017	0.0012	0.0034	0.0000	0.0026	0.0031	0.0036	0.0036	0	0.0000
22	0.0075	0.0003	0.0005	0.0000	0.0013	0.0001	0.0033	0.0010	0.0010	0.0002	0.0000	0.0801	0.0216	0.0001	0.0003	0.4601	0.4204	0.0001	0.0000	0.0021
23	0.0001	0.9777	0.0001	0.0000	0.0041	0.0049	0.0001	0.0000	0.0000	0.0002	0	0.0000	0.0001	0.0000	0.0048	0.0046	0.0000	0.0002	0.0009	0.0022
24	0.0001	0.0001	0.0000	0.0005	0.0000	0.0055	0.0005	0.0001	0.0980	0.0023	0.0019	0.0013	0.0014	0.0578	0.8156	0.0066	0.0046	0.0001	0.0036	0.0000
25	0.7809	0.0003	0.0023	0.0020	0.0004	0.0010	0.0001	0.0001	0.0000	0.0002	0.0064	0.0000	0.0053	0.0000	0.0001	0.1891	0.0063	0.0046	0.0000	0.0009
26	0.0002	0.0011	0.0003	0.0000	0.0000	0.0037	0.0001	0.0032	0.0001	0.0001	0.0002	0.0038	0.0001	0.0000	0.0144	0.9684	0.0042	0.0001	0.0000	0.0000
27	0.0001	0.0000	0.0005	0.0063	0.0000	0.0001	0.0099	0.0000	0.0055	0.0025	0.0000	0.0001	0.0089	0.9591	0.0061	0.0002	0.0004	0.0001	0.0000	0.0001
28	0.0029	0.0034	0.0643	0.0005	0.0004	0.1276	0.0009	0.0047	0.0003	0.0003	0.0002	0.0127	0.0009	0.0001	0.0214	0.7408	0.0152	0.0018	0.0001	0.0014
29	0.0018	0.0001	0.0007	0.0000	0.0044	0.0028	0.0003	0.4386	0.0000	0.1114	0.0023	0.0007	0.0010	0.0000	0.0009	0.0044	0.0014	0.4291	0.0000	0.0000
30	0.0032	0.0005	0.0029	0.0009	0.0115	0.0080	0.0006	0.0045	0.0009	0.4809	0.0016	0.0075	0.0019	0.0010	0.0129	0.3719	0.0131	0.0739	0.0003	0.0017
31	0.0013	0.0013	0.0256	0.0009	0.0095	0.0005	0.4151	0.0004	0.0018	0.0020	0.0001	0.0096	0.0038	0.0068	0.0036	0.0207	0.0006	0.0005	0.0013	0.4945
32	0.0010	0.0014	0.0025	0.0002	0.0006	0.0093	0.0010	0.0067	0.0016	0.0006	0.0004	0.0190	0.0013	0.0001	0.0331	0.8989	0.0201	0.0009	0.0001	0.0012
33	0.0157	0.0019	0.0386	0.0003	0.0094	0.0014	0.0016	0.0008	0.0000	0.0023	0	0.0007	0.0298	0.0001	0.0007	0.8692	0.0098	0.0024	0	0.0153
34	0.0028	0.0000	0.2282	0.0016	0.0003	0.0022	0.0056	0.0030	0.0086	0.0004	0.0001	0.7203	0.0002	0.0004	0.0009	0.0087	0.0119	0.0011	0.0000	0.0037
35	0.0019	0.0001	0.0044	0.0035	0.0003	0.5302	0.0045	0.0013	0.0095	0.0002	0.0002	0.4203	0.0001	0.0003	0.0041	0.0092	0.0044	0.0033	0.0001	0.0019
36	0.0030	0.0009	0.0069	0.0012	0.0012	0.0221	0.0023	0.0044	0.0956	0.0007	0.0006	0.0503	0.0003	0.0017	0.0336	0.7058	0.0109	0.0008	0.0001	0.0577
37	0.0017	0.0009	0.0075	0.0004	0.0007	0.0060	0.0043	0.0079	0.0071	0.0004	0.0005	0.2719	0.0012	0.0004	0.0179	0.5976	0.0691	0.0013	0.0002	0.0030
38	0.0085	0.0034	0.0227	0.0007	0.0170	0.0010	0.0090	0.0004	0.0025	0.0021	0.0001	0.1010	0.0002	0.0009	0.0024	0.0239	0.0019	0.0003	0.1070	0.6950
39	0.0001	0.0002	0.0000	0.0000	0.0114	0.0000	0.0000	0.0034	0.0000	0.9666	0.0018	0.0000	0.0000	0.0000	0.0001	0.0024	0.0000	0.0130	0.0008	0.0001
40	0.6369	0.0003	0.0655	0.0010	0.0003	0.0195	0.0098	0.0012	0.0020	0.0002	0.0001	0.2208	0.0021	0.0002	0.0002	0.0114	0.0078	0.0056	0.0000	0.0152
41	0.0000	0.0060	0.0000	0.0000	0.0000	0.0045	0.0000	0.0000	0.0000	0.0053	0.0000	0.0000	0.0000	0.0000	0.0032	0.0010	0.0000	0.0002	0.9796	0.0000
42	0.0000	0.0015	0.0034	0.0001	0.0407	0.0000	0.0028	0.0003	0.0000	0.0038	0.0000	0.0012	0.0000	0.0001	0.0000	0.0039	0.0000	0.0004	0.0001	0.9418
43	0.0000	0.0000	0.0000	0.0005	0.0002	0.0000	0.0095	0.0000	0.0039	0.0771	0.0004	0.0001	0.0036	0.8966	0.0063	0.0001	0.0002	0.0014	0.0000	0.0001
44	0.0001	0.0000	0.0000	0.0011	0.0001	0.0000	0.0139	0.0000	0.0055	0.0025	0.0001	0.0001	0.0038	0.9689	0.0028	0.0000	0.0002	0.0005	0.0001	0.0002
45	0.0001	0.0000	0.0000	0.0023	0.0000	0.0002	0.0003	0.0020	0.9283	0.0001	0.0003	0.0081	0.0001	0.0081	0.0416	0.0006	0.0076	0.0001	0.0000	0.0001
46	0.0059	0.0000	0.0001	0.0001	0.0005	0.0004	0.0020	0.0001	0.0000	0.0031	0.0000	0.0000	0.9700	0.0038	0.0024	0.0055	0.0049	0.0010	0.0000	0.0000
47	0.0026	0.0016	0.0056	0.0037	0.0000	0.9762	0.0001	0.0000	0.0000	0.0000	0.0000	0.0001	0.0001	0.0001	0.0032	0.0010	0.0000	0.0044	0.0013	0.0000
48	0.0002	0.0000	0.0001	0.0058	0.0000	0.0003	0.0038	0.0005	0.4133	0.0048	0.0002	0.0050	0.0032	0.5522	0.0069	0.0003	0.0033	0.0000	0.0000	0.0000
49	0.7520	0.0001	0.0048	0.0002	0.0003	0.0023	0.0006	0.0002	0.0000	0.0004	0.0000	0.0000	0.1089	0.0000	0.0002	0.0982	0.0054	0.0258	0.0000	0.0005
50	0.0022	0.0000	0.0000	0.0000	0.0000	0.0000	0.0039	0.0000	0.0000	0.0018	0	0.0000	0.9829	0.0011	0.0006	0.0016	0.0058	0.0000	0	0.0000
51	0.0001	0.0000	0.0007	0.0100	0.0000	0.0012	0.0017	0.0016	0.4827	0.0003	0.0023	0.0137	0.0007	0.0800	0.3920	0.0058	0.0065	0.0002	0.0004	0.0001
52	0.0004	0.0002	0.0000	0.0000	0.0048	0.0001	0.0027	0.0044	0.0000	0.9139	0.0005	0.0001	0.0076	0.0001	0.0403	0.0111	0.0002	0.0134	0.0001	0.0001
53	0.0000	0.0000	0.0000	0.0000	0.0017	0.0000	0.0009	0.0040	0.0000	0.9792	0.0018	0.0000	0.0028	0.0005	0.0053	0.0001	0.0000	0.0035	0.0000	0.0000
54	0.0000	0.0001	0.0000	0.0000	0.0044	0.0000	0.0001	0.9550	0.0000	0.0145	0.0065	0.0025	0.0001	0.0000	0.0003	0.0071	0.0030	0.0062	0.0000	0.0001
55	0.0003	0.0018	0.0079	0.0002	0.0118	0.0000	0.0089	0.0001	0.0042	0.0003	0.0001	0.0021	0.0001	0.0018	0.0003	0.0149	0.0003	0.0001	0.0001	0.9444
56	0.2602	0.0027	0.2111	0.0222	0.0010	0.2362	0.0014	0.0002	0.0843	0.0575	0.0010	0.0019	0.0006	0.0031	0.0042	0.0095	0.0076	0.0047	0.0844	0.0065
57	0.8609	0.0003	0.0005	0.0033	0.0002	0.0591	0.0000	0.0038	0.0001	0.0038	0.0001	0.0001	0.0013	0.0000	0.0002	0.0091	0.0149	0.0422	0.0000	0.0000
58	0.0047	0	0.0094	0	0.0330	0.0094	0.0236	0	0.0094	0.0094	0	0	0.0142	0	0	0.4953	0.1415	0	0	0.2500
63	0.0571	0.0057	0.0343	0.0286	0	0.3829	0.0057	0	0.1543	0.0057	0	0	0.0114	0	0.2629	0.0114	0.0229	0.0171	0	0
64	0.5590	0.0035	0	0.0903	0.0035	0.0521	0.0104	0.0139	0	0.0104	0	0.0139	0.0069	0.0069	0.0104	0.1250	0.0243	0.0590	0.0035	0.0069
65	0.0099	0.0009	0.0002	0.0000	0.0049	0.0001	0.0001	0.0003	0.0000	0.0004	0.0000	0.0002	0.0031	0.0000	0.0000	0.9686	0.0058	0.0005	0.0000	0.0050
66	0.0030	0.0004	0.0029	0.0003	0.0006	0.0019	0.0033	0.0106	0.0079	0.0006	0.0004	0.2695	0.0019	0.0045	0.0139	0.3969	0.2744	0.0014	0.0000	0.0057
67	0.0001	0.0001	0.0000	0.0000	0.0028	0.0016	0.0000	0.0003	0.0009	0.4214	0.0028	0.0000	0.0005	0.0005	0.5490	0.0097	0.0009	0.0046	0.0047	0.0001
68	0.4264	0.0004	0.0267	0.2297	0.0194	0.0027	0.0046	0.0017	0.0036	0.0012	0.0001	0.0003	0.0031	0.2691	0.0015	0.0027	0.0018	0.0046	0.0000	0.0005
69	0.0118	0.0009	0.0009	0.0001	0.0012	0.0042	0.0003	0.0032	0.0010	0.0003	0.0002	0.0049	0.0095	0.0000	0.0065	0.5393	0.4137	0.0005	0.0001	0.0014
70	0.0032	0.0020	0.0051	0.0021	0.0000	0.9739	0.0000	0.0000	0.0000	0.0000	0.0000	0.0002	0.0001	0.0000	0.0034	0.0015	0.0001	0.0052	0.0030	0.0000
71	0.0030	0.0002	0.0008	0.0000	0.0037	0.0044	0.0000	0.3516	0.0000	0.0045	0.0004	0.0007	0.0001	0	0.0001	0.0038	0.0037	0.6230	0.0000	0.0000
72	0.0026	0	0.0000	0.0000	0.0000	0.0000	0.0007	0.0001	0.0004	0.0013	0.0000	0.0000	0.9806	0.0032	0.0006	0.0055	0.0048	0.0000	0	0.0000
74	0.2276	0.0001	0.3222	0.0043	0.0002	0.0033	0.0007	0.0001	0.0001	0.0017	0.0000	0.0011	0.0064	0.0001	0.0002	0.4241	0.0030	0.0025	0.0000	0.0023
75	0.0000	0.0001	0.0000	0.0001	0.0000	0.0020	0.0000	0.0002	0.0117	0.0008	0.0045	0.0002	0.0002	0.0004	0.9692	0.0073	0.0021	0.0001	0.0010	0.0000
76	0.0000	0.0150	0.0000	0.0000	0.9612	0.0002	0.0000	0.0032	0.0000	0.0084	0.0000	0.0000	0.0000	0.0000	0.0000	0.0017	0.0000	0.0087	0.0001	0.0013
77	0.0003	0.0011	0.0002	0.0000	0.0001	0.0046	0.0001	0.0050	0.0001	0.0001	0.0001	0.0024	0.0000	0.0000	0.0158	0.9645	0.0051	0.0003	0.0000	0.0000
78	0.0043	0.0055	0.0020	0.0001	0.0001	0.9783	0.0000	0.0000	0.0000	0.0000	0	0.0000	0.0001	0.0000	0.0013	0.0037	0.0000	0.0044	0.0001	0.0000
79	0.0005	0.0011	0.0003	0.0000	0.0002	0.0106	0.0001	0.0026	0.0001	0.0001	0.0001	0.0019	0.0000	0.0000	0.0146	0.9638	0.0033	0.0002	0.0001	0.0002
80	0.0045	0.0004	0.0001	0.0037	0.0000	0.9730	0.0000	0.0000	0.0002	0.0002	0.0000	0.0000	0.0000	0.0002	0.0058	0.0004	0.0001	0.0077	0.0035	0.0000
81	0.0184	0.0046	0	0	0	0.0092	0	0.0046	0	0	0	0.0046	0.0092	0	0	0.9217	0.0184	0	0	0.0092
82	0.0997	0	0.0412	0.0481	0	0.4570	0.0034	0.0206	0	0.0034	0	0	0	0.1787	0.0069	0.0653	0.0103	0.0550	0.0034	0.0069
83	0.0147	0.0025	0.0004	0.0001	0.0040	0.0003	0.0001	0.0000	0.0000	0.0004	0.0000	0.0000	0.0023	0.0000	0.0000	0.9634	0.0019	0.0002	0.0001	0.0093
84	0.0048	0.0008	0.0010	0.0080	0.0000	0.9673	0.0001	0.0000	0.0001	0.0002	0.0000	0.0000	0.0000	0.0002	0.0036	0.0004	0.0001	0.0078	0.0056	0.0000
85	0.0064	0.0000	0.0000	0.0001	0.0000	0.0001	0.0000	0.0020	0.0066	0.0001	0.0000	0.0003	0.0021	0.0001	0.0026	0.0028	0.9767	0.0001	0.0000	0.0000
86	0.0046	0.0000	0.7475	0.2265	0.0002	0.0027	0.0033	0.0001	0.0008	0.0005	0.0000	0.0036	0.0000	0.0014	0.0002	0.0005	0.0004	0.0026	0.0000	0.0053
87	0.0000	0.0053	0.0001	0.0000	0.9711	0.0001	0.0001	0.0013	0	0.0048	0.0000	0.0000	0.0000	0	0.0000	0.0019	0.0000	0.0079	0.0000	0.0074
88	0.0046	0.0000	0.0000	0.0000	0.0001	0.0000	0.0002	0.0038	0.0004	0.0002	0.0001	0.0033	0.0048	0.0000	0.0002	0.0126	0.9694	0.0002	0.0000	0.0001
89	0.0000	0.0004	0.0000	0.0000	0.0547	0.0000	0.0011	0.0061	0.0000	0.9281	0.0005	0.0000	0.0022	0.0001	0.0050	0.0003	0.0001	0.0012	0.0000	0.0001
90	0.0031	0.0000	0.0001	0.0009	0.0001	0.0001	0.0002	0.0052	0.0963	0.0002	0.0001	0.0050	0.0048	0.0006	0.0023	0.0068	0.8740	0.0003	0.0000	0.0000
91	0.0000	0.0000	0.0000	0.0000	0.0012	0.0000	0.0000	0.9752	0.0000	0.0039	0.0008	0.0013	0.0000	0.0000	0.0001	0.0117	0.0019	0.0036	0	0.0000
92	0.0010	0.0010	0.0019	0.0000	0.0001	0.0032	0.0002	0.0057	0.0003	0.0002	0.0001	0.0191	0.0000	0.0000	0.0095	0.9453	0.0117	0.0002	0.0000	0.0003
93	0.0004	0.0230	0.0008	0.0001	0.0002	0.0104	0.0001	0.0056	0.0013	0.0004	0.0005	0.0089	0.0001	0.0001	0.2510	0.6938	0.0030	0.0001	0.0001	0.0002
94	0.0002	0.0000	0.0000	0.0001	0.0001	0.0010	0.0000	0.0023	0.0000	0.8684	0.0082	0	0.0016	0.0011	0.0111	0.0000	0.0001	0.1056	0.0001	0.0000
95	0.0017	0.0000	0.0038	0.3655	0.0000	0.0028	0.0044	0.0000	0.0027	0.0016	0.0000	0.0001	0.0016	0.6116	0.0026	0.0001	0.0001	0.0013	0.0000	0.0001
96	0.1943	0.0001	0.0014	0.0001	0.0004	0.0003	0.0046	0.0001	0.0000	0.0019	0.0000	0.0001	0.6576	0.0005	0.0011	0.1310	0.0050	0.0008	0.0000	0.0008
97	0.0039	0.0000	0.0945	0.8933	0.0000	0.0035	0.0001	0.0000	0.0012	0.0001	0.0000	0.0003	0.0001	0.0008	0.0001	0.0001	0.0001	0.0013	0.0000	0.0006
98	0.0025	0.0000	0.9811	0.0069	0.0001	0.0013	0.0005	0.0001	0.0001	0.0000	0.0001	0.0010	0.0000	0.0000	0.0000	0.0001	0.0000	0.0016	0	0.0044
99	0.0074	0.0068	0.0002	0.0001	0.6827	0.0016	0.0000	0.0555	0.0000	0.0086	0.0005	0.0001	0.0000	0.0000	0.0000	0.0118	0.0004	0.2223	0.0001	0.0018
100	0.8761	0.0003	0.0001	0.0037	0.0000	0.1072	0.0000	0.0000	0.0000	0.0001	0	0.0000	0.0004	0.0002	0.0002	0.0042	0.0023	0.0046	0.0006	0.0000
101	0.0056	0.0000	0.0007	0.0002	0.0034	0.0022	0.0001	0.0136	0.0004	0.0065	0.0015	0.0024	0.0017	0.0001	0.0002	0.0044	0.4211	0.5347	0.0000	0.0013
102	0.0000	0.0013	0.0056	0.0002	0.0032	0.0000	0.0011	0.0004	0.0000	0.0007	0	0.0007	0.0000	0.0000	0.0000	0.0027	0.0001	0.0001	0.0000	0.9840
103	0.0000	0.0046	0.0044	0.0001	0.0184	0.0000	0.0043	0.0003	0.0000	0.0007	0.0000	0.0006	0.0000	0.0000	0.0000	0.0063	0.0007	0.0003	0.0002	0.9590
104	0.0002	0.9739	0.0000	0.0000	0.0031	0.0074	0.0001	0.0000	0.0000	0.0008	0.0000	0.0000	0.0000	0.0000	0.0022	0.0015	0.0002	0.0007	0.0074	0.0024
105	0.0001	0.0002	0.0000	0.0009	0.0002	0.0001	0.0160	0.0007	0.0045	0.0216	0.0959	0.0003	0.0015	0.8475	0.0080	0.0008	0.0007	0.0007	0.0001	0.0004
106	0.0003	0.0002	0.0003	0.0031	0.0001	0.0003	0.0208	0.0001	0.0264	0.0027	0.0002	0.0014	0.0032	0.9294	0.0086	0.0011	0.0004	0.0003	0.0001	0.0010
107	0.0786	0.0060	0.0208	0.0028	0.0110	0.0292	0.0157	0.0014	0.0004	0.0210	0.0002	0.0035	0.0014	0.0010	0.1266	0.1620	0.0081	0.0024	0.0003	0.5074
108	0.0046	0.0021	0.0779	0.0031	0.0043	0.1302	0.0077	0.0195	0.0084	0.0592	0.0004	0.2571	0.0003	0.0012	0.0054	0.1239	0.0270	0.0047	0.0004	0.2627
109	0.0029	0.0009	0.0121	0.0059	0.0009	0.0092	0.0266	0.0059	0.0059	0.0017	0.0004	0.2800	0.0014	0.0684	0.0142	0.5286	0.0299	0.0015	0.0002	0.0033
110	0.0112	0.0030	0.0038	0.0017	0.0159	0.0202	0.0019	0.0010	0.0004	0.0644	0.0001	0.0054	0.0028	0.0008	0.0060	0.1109	0.1006	0.0022	0.5756	0.0722
111	0.0125	0.0033	0.0017	0.0008	0.0008	0.0134	0.0142	0.0050	0	0.0175	0.0025	0.0025	0.7118	0.0067	0.0251	0.0568	0.0309	0.0334	0.0292	0.0317
111A	0.1044	0.0040	0.0120	0.0040	0.0161	0.0522	0.0241	0.0402	0.0161	0.1566	0.0040	0	0.2771	0.0281	0.1526	0.0241	0.0161	0.0241	0.0161	0.0281
112B	0.0604	0.0067	0.0671	0.0134	0.0940	0.1409	0	0	0	0.0805	0	0.0336	0.0671	0.0201	0.0671	0.0604	0.1342	0.0336	0.0201	0.1007
112A	0.0451	0.0021	0.0064	0.0429	0.0150	0.0579	0.0150	0.0107	0.0107	0.0579	0.0086	0.0665	0.3412	0.0107	0.0773	0.0515	0.0665	0.0300	0	0.0837
112	0.0082	0.0008	0.0080	0.0032	0.0030	0.0398	0.0328	0.0040	0.0030	0.0237	0.0007	0.0035	0.7281	0.0135	0.0207	0.0748	0.0143	0.0060	0.0037	0.0083
113	0.0149	0.0028	0.0018	0.0005	0.0154	0.0055	0.0044	0.0025	0.0005	0.0533	0.0003	0.0048	0.1835	0.0012	0.0088	0.1362	0.1763	0.0024	0.3137	0.0713
114	0.0254	0.0019	0.0035	0.0015	0.0379	0.0062	0.0073	0.0074	0.0014	0.0700	0.0006	0.0332	0.2277	0.0117	0.0135	0.1491	0.2010	0.0047	0.0929	0.1032
115	0.0194	0.0006	0.0015	0.0082	0.0063	0.0255	0.0040	0.0053	0.0042	0.0745	0.0181	0.0034	0.6118	0.0148	0.0382	0.0768	0.0388	0.0070	0.0247	0.0170
116	0.0078	0.0132	0.0062	0.0062	0.0753	0.0324	0.0143	0.0687	0.0063	0.2077	0.0012	0.0082	0.0814	0.0212	0.1030	0.0185	0.0058	0.0303	0.1459	0.1464
117	0.0208	0.0003	0.0011	0.0006	0.0025	0.0049	0.0017	0.0029	0.0009	0.0077	0.0009	0.0026	0.0094	0.0007	0.0036	0.0407	0.8953	0.0024	0.0003	0.0006
118	0.0001	0.0069	0.0001	0.0000	0.9787	0.0004	0.0001	0.0006	0.0000	0.0044	0.0000	0.0001	0.0005	0.0001	0.0004	0.0018	0.0001	0.0045	0.0002	0.0008
119	0.0019	0.0006	0.0016	0.0000	0.0000	0.9914	0.0001	0.0001	0.0000	0.0001	0.0000	0.0000	0.0002	0.0000	0.0011	0.0017	0.0001	0.0009	0.0002	0.0000
120	0.0008	0.0001	0.0001	0.0029	0.0000	0.2406	0.0082	0.0000	0.0013	0.0016	0.0000	0.0001	0.1159	0.6220	0.0058	0.0002	0.0002	0.0002	0.0000	0.0001
121	0.0005	0.0000	0.0000	0.0031	0.0000	0.9895	0	0.0000	0.0000	0.0000	0.0000	0	0.0000	0.0000	0.0030	0.0000	0.0000	0.0011	0.0026	0
122	0.0022	0.0000	0.0001	0.0000	0.0000	0.0000	0.0000	0.0012	0.0002	0.0000	0.0000	0.0008	0.0018	0.0000	0.0001	0.0024	0.9911	0.0000	0	0.0000
123	0.0001	0.0000	0.0001	0.0019	0.0000	0.0001	0.0002	0.0003	0.8742	0.0006	0.0008	0.0036	0.0002	0.0048	0.1082	0.0003	0.0045	0.0001	0.0000	0.0001
124	0.0007	0.0000	0.0000	0.0004	0.0000	0.0006	0.0000	0.0005	0.0000	0.3274	0.0026	0	0.0003	0.0001	0.0003	0.0000	0.0000	0.6669	0.0001	0
125	0.0012	0.0000	0.1218	0.8664	0.0000	0.0029	0.0006	0.0001	0.0017	0.0000	0.0000	0.0006	0.0000	0.0031	0.0004	0.0001	0.0001	0.0008	0.0000	0.0002
126	0.0001	0.0000	0.0001	0	0.0030	0.0000	0.0000	0.9656	0.0000	0.0046	0.0089	0.0009	0.0000	0.0000	0.0001	0.0045	0.0022	0.0100	0	0.0001
127	0	0	0	0.0024	0	0	0	0	0.9938	0	0	0.0008	0	0.0030	0	0.0000	0.0000	0	0	0
